Timestamp,L_Toe,L_Forefoot,L_Heel,L_Knee,R_Toe,R_Forefoot,R_Heel,R_Knee
436656,2399.0,2580.0,3639.0,4095.0,3103.0,2545.0,2763.0,4095.0
436755,2464.0,2659.0,3827.0,4095.0,3095.0,2551.0,2763.0,4095.0
436855,2403.0,2658.0,3648.0,4095.0,3117.0,2575.0,2778.0,4095.0
436955,2411.0,2639.0,3657.0,4095.0,3113.0,2558.0,2768.0,4095.0
437055,2392.0,2819.0,3871.0,4095.0,3096.0,2561.0,2771.0,4095.0
437155,2550.0,2590.0,3729.0,4095.0,3116.0,2567.0,2771.0,4095.0
437255,2409.0,2627.0,3645.0,4095.0,3112.0,2547.0,2770.0,4095.0
437355,2400.0,2643.0,3652.0,4095.0,3097.0,2554.0,2779.0,4095.0
437455,2391.0,2639.0,3644.0,4095.0,3108.0,2553.0,2768.0,4095.0
437555,2411.0,2646.0,3671.0,4095.0,3099.0,2556.0,2771.0,4095.0
437655,2391.0,2648.0,3648.0,4095.0,3096.0,2553.0,2763.0,4095.0
437755,2399.0,2648.0,3658.0,4095.0,3121.0,2579.0,2773.0,4095.0
437855,2391.0,2644.0,3648.0,4095.0,3097.0,2549.0,2771.0,4095.0
437955,2395.0,2635.0,3658.0,4095.0,3104.0,2558.0,2765.0,4095.0
438055,2411.0,2656.0,3665.0,4095.0,3112.0,2575.0,2772.0,4095.0
438155,2413.0,2656.0,3639.0,4095.0,3135.0,2563.0,2761.0,4095.0
438255,2439.0,2647.0,3639.0,4095.0,3123.0,2567.0,2773.0,4095.0
438355,2409.0,2668.0,3647.0,4095.0,3114.0,2568.0,2770.0,4095.0
438455,2401.0,2651.0,3658.0,4095.0,3136.0,2572.0,2759.0,4095.0
438555,2399.0,2656.0,3648.0,4095.0,3111.0,2555.0,2783.0,4095.0
438655,2399.0,2647.0,3656.0,4095.0,3114.0,2560.0,2768.0,4095.0
438755,2407.0,2656.0,3647.0,4095.0,3116.0,2569.0,2767.0,4095.0
438855,2403.0,2647.0,3648.0,4095.0,3123.0,2568.0,2768.0,4095.0
438955,2411.0,2656.0,3671.0,4095.0,3147.0,2570.0,2775.0,4095.0
439055,2416.0,2631.0,3620.0,4095.0,3115.0,2566.0,2759.0,4095.0
439155,2420.0,2656.0,3639.0,4095.0,3115.0,2558.0,2763.0,4095.0
439255,2399.0,2670.0,3658.0,4095.0,3103.0,2551.0,2769.0,4095.0
439355,2412.0,2647.0,3625.0,4095.0,3129.0,2569.0,2772.0,4095.0
439455,2399.0,2648.0,3668.0,4095.0,3113.0,2551.0,2760.0,4095.0
439555,2362.0,2819.0,3837.0,4095.0,3115.0,2549.0,2780.0,4095.0
439655,2408.0,2627.0,3639.0,4095.0,3112.0,2556.0,2765.0,4095.0
439755,2408.0,2627.0,3639.0,4095.0,3115.0,2571.0,2767.0,4095.0
439855,2395.0,2662.0,3668.0,4095.0,3112.0,2556.0,2765.0,4095.0
439955,2427.0,2635.0,3631.0,4095.0,3141.0,2575.0,2775.0,4095.0
440055,2397.0,2639.0,3660.0,4095.0,3127.0,2583.0,2773.0,4095.0
440155,2408.0,2648.0,3627.0,4095.0,3123.0,2569.0,2772.0,4095.0
440255,2405.0,2640.0,3645.0,4095.0,3104.0,2568.0,2763.0,4095.0
440355,2391.0,2640.0,3674.0,4095.0,3111.0,2566.0,2768.0,4095.0
440455,2398.0,2639.0,3681.0,4095.0,3125.0,2564.0,2772.0,4095.0
440555,2408.0,2625.0,3639.0,4095.0,3127.0,2567.0,2777.0,4095.0
440655,2344.0,2811.0,3861.0,4095.0,3112.0,2559.0,2764.0,4095.0
440755,2409.0,2627.0,3647.0,4095.0,3099.0,2565.0,2787.0,4095.0
440855,2408.0,2639.0,3651.0,4095.0,3112.0,2547.0,2784.0,4095.0
440955,2400.0,2648.0,3655.0,4095.0,3120.0,2580.0,2765.0,4095.0
441055,2414.0,2649.0,3635.0,4095.0,3110.0,2580.0,2784.0,4095.0
441155,2400.0,2633.0,3662.0,4095.0,3104.0,2557.0,2761.0,4095.0
441255,2400.0,2671.0,3847.0,4095.0,3104.0,2560.0,2764.0,4095.0
441355,2527.0,2624.0,3632.0,4095.0,3132.0,2572.0,2759.0,4095.0
441455,2386.0,2805.0,3807.0,4095.0,3104.0,2566.0,2763.0,4095.0
441555,2408.0,2648.0,3657.0,4095.0,3103.0,2568.0,2759.0,4095.0
441655,2385.0,2633.0,3656.0,4095.0,3121.0,2572.0,2778.0,4095.0
441755,2410.0,2628.0,3629.0,4095.0,3113.0,2566.0,2771.0,4095.0
441855,2387.0,2639.0,3660.0,4095.0,3108.0,2566.0,2768.0,4095.0
441955,2389.0,2645.0,3668.0,4095.0,3112.0,2568.0,2768.0,4095.0
442055,2412.0,2664.0,3629.0,4095.0,3104.0,2559.0,2767.0,4095.0
442155,2400.0,2627.0,3672.0,4095.0,3109.0,2580.0,2775.0,4095.0
442255,2397.0,2648.0,3691.0,4095.0,3123.0,2551.0,2779.0,4095.0
442355,2425.0,2641.0,3640.0,4095.0,3112.0,2571.0,2768.0,4095.0
442455,2401.0,2627.0,3648.0,4095.0,3111.0,2566.0,2768.0,4095.0
442555,2407.0,2764.0,3744.0,4095.0,3103.0,2568.0,2761.0,4095.0
442655,2391.0,2640.0,3664.0,4095.0,3099.0,2551.0,2776.0,4095.0
442755,2395.0,2650.0,3663.0,4095.0,3103.0,2565.0,2776.0,4095.0
442855,2385.0,2660.0,3664.0,4095.0,3109.0,2557.0,2781.0,4095.0
442955,2543.0,2620.0,3767.0,4095.0,3099.0,2551.0,2776.0,4095.0
443055,2399.0,2644.0,3693.0,4095.0,3114.0,2571.0,2772.0,4095.0
443155,2383.0,2664.0,3674.0,4095.0,3118.0,2575.0,2779.0,4095.0
443255,2410.0,2635.0,3639.0,4095.0,3077.0,2575.0,2790.0,4095.0
443355,2404.0,2620.0,3657.0,4095.0,3109.0,2555.0,2785.0,4095.0
443455,2400.0,2615.0,3673.0,4095.0,3079.0,2560.0,2777.0,4095.0
443555,2399.0,2654.0,3683.0,4095.0,3095.0,2566.0,2781.0,4095.0
443655,2410.0,2631.0,3647.0,4095.0,3081.0,2568.0,2765.0,4095.0
443755,2407.0,2619.0,3651.0,4095.0,3101.0,2573.0,2792.0,4095.0
443855,2389.0,2644.0,3664.0,4095.0,3072.0,2571.0,2771.0,4095.0
443955,2397.0,2640.0,3697.0,4095.0,3061.0,2572.0,2780.0,4095.0
444055,2400.0,2625.0,3665.0,4095.0,3095.0,2577.0,2778.0,4095.0
444155,2404.0,2628.0,3663.0,4095.0,3071.0,2572.0,2775.0,4095.0
444255,2408.0,2619.0,3639.0,4095.0,3081.0,2579.0,2778.0,4095.0
444355,2400.0,2640.0,3659.0,4095.0,3080.0,2579.0,2776.0,4095.0
444455,2391.0,2619.0,3663.0,4095.0,3067.0,2572.0,2771.0,4095.0
444555,2400.0,2627.0,3645.0,4095.0,3091.0,2579.0,2776.0,4095.0
444655,2409.0,2619.0,3659.0,4095.0,3095.0,2557.0,2777.0,4095.0
444755,2391.0,2615.0,3659.0,4095.0,3087.0,2568.0,2791.0,4095.0
444855,2447.0,2744.0,3692.0,4095.0,3065.0,2573.0,2780.0,4095.0
444955,2389.0,2640.0,3699.0,4095.0,3071.0,2573.0,2763.0,4095.0
445055,2400.0,2658.0,3651.0,4095.0,3087.0,2581.0,2795.0,4095.0
445155,2427.0,2657.0,3649.0,4095.0,3100.0,2564.0,2771.0,4095.0
445255,2400.0,2640.0,3663.0,4095.0,3096.0,2559.0,2769.0,4095.0
445355,2407.0,2615.0,3664.0,4095.0,3094.0,2575.0,2767.0,4095.0
445455,2361.0,2576.0,3687.0,4095.0,3067.0,2575.0,2783.0,4095.0
445555,2491.0,2719.0,3831.0,4095.0,3071.0,2572.0,2771.0,4095.0
445655,2368.0,2792.0,3860.0,4095.0,3066.0,2595.0,2776.0,4095.0
445755,2391.0,2615.0,3663.0,4095.0,3080.0,2567.0,2779.0,4095.0
445855,2407.0,2617.0,3655.0,4095.0,3049.0,2578.0,2791.0,4095.0
445955,2393.0,2617.0,3663.0,4095.0,3064.0,2590.0,2791.0,4095.0
446055,2387.0,2616.0,3671.0,4095.0,3091.0,2560.0,2783.0,4095.0
446155,2547.0,2584.0,3640.0,4095.0,3096.0,2563.0,2789.0,4095.0
446255,2383.0,2611.0,3688.0,4095.0,3099.0,2577.0,2775.0,4095.0
446355,2385.0,2619.0,3678.0,4095.0,3071.0,2576.0,2769.0,4095.0
446455,2385.0,2631.0,3680.0,4095.0,3067.0,2579.0,2787.0,4095.0
446555,2383.0,2640.0,3692.0,4095.0,3101.0,2581.0,2771.0,4095.0
446655,2397.0,2644.0,3704.0,4095.0,3096.0,2573.0,2779.0,4095.0
446755,2392.0,2640.0,3716.0,4095.0,3081.0,2565.0,2769.0,4095.0
446855,2385.0,2640.0,3685.0,4095.0,3115.0,2585.0,2777.0,4095.0
446955,2360.0,2720.0,3824.0,4095.0,3103.0,2581.0,2757.0,4095.0
447055,2383.0,2638.0,3695.0,4095.0,3055.0,2578.0,2775.0,4095.0
447155,2377.0,2623.0,3695.0,4095.0,3077.0,2575.0,2777.0,4095.0
447255,2399.0,2615.0,3675.0,4095.0,3080.0,2569.0,2773.0,4095.0
447355,2375.0,2623.0,3695.0,4095.0,3055.0,2571.0,2773.0,4095.0
447455,2425.0,2625.0,3703.0,4095.0,3061.0,2571.0,2765.0,4095.0
447555,2391.0,2617.0,3704.0,4095.0,3062.0,2600.0,2768.0,4095.0
447655,2396.0,2731.0,3927.0,4095.0,3053.0,2575.0,2782.0,4095.0
447755,2383.0,2658.0,3696.0,4095.0,3080.0,2580.0,2765.0,4095.0
447855,2395.0,2640.0,3704.0,4095.0,3121.0,2587.0,2765.0,4095.0
447955,2413.0,2633.0,3688.0,4095.0,3131.0,2567.0,2756.0,4095.0
448055,2435.0,2646.0,3691.0,4095.0,3079.0,2577.0,2783.0,4095.0
448155,2448.0,2815.0,3921.0,4095.0,3108.0,2581.0,2747.0,4095.0
448255,2414.0,2651.0,3695.0,4095.0,3064.0,2568.0,2783.0,4095.0
448355,2399.0,2633.0,3679.0,4095.0,3090.0,2588.0,2747.0,4095.0
448455,2366.0,2752.0,3869.0,4095.0,3080.0,2576.0,2752.0,4095.0
448555,2414.0,2658.0,3701.0,4095.0,3082.0,2588.0,2751.0,4095.0
448655,2401.0,2659.0,3679.0,4095.0,3095.0,2571.0,2760.0,4095.0
448755,2412.0,2639.0,3732.0,4095.0,3081.0,2579.0,2745.0,4095.0
448855,2401.0,2674.0,3695.0,4095.0,3091.0,2583.0,2760.0,4095.0
448955,2399.0,2652.0,3671.0,4095.0,3076.0,2581.0,2776.0,4095.0
449055,2403.0,2631.0,3688.0,4095.0,3113.0,2587.0,2769.0,4095.0
449155,2399.0,2631.0,3677.0,4095.0,3084.0,2580.0,2751.0,4095.0
449255,2395.0,2662.0,3679.0,4095.0,3089.0,2581.0,2752.0,4095.0
449355,2416.0,2631.0,3704.0,4095.0,3072.0,2584.0,2779.0,4095.0
449455,2403.0,2631.0,3695.0,4095.0,3092.0,2588.0,2747.0,4095.0
449555,2403.0,2643.0,3696.0,4095.0,3064.0,2575.0,2752.0,4095.0
449655,2412.0,2639.0,3706.0,4095.0,3083.0,2585.0,2751.0,4095.0
449755,2519.0,2815.0,3895.0,4095.0,3095.0,2585.0,2760.0,4095.0
449855,2495.0,2776.0,3744.0,4095.0,3100.0,2597.0,2760.0,4095.0
449955,2431.0,2823.0,3838.0,4095.0,3080.0,2583.0,2745.0,4095.0
450055,2407.0,2652.0,3667.0,4095.0,3095.0,2572.0,2763.0,4095.0
450155,2407.0,2647.0,3663.0,4095.0,3089.0,2583.0,2752.0,4095.0
450255,2395.0,2654.0,3665.0,4095.0,3071.0,2581.0,2743.0,4095.0
450455,2426.0,2671.0,3663.0,4095.0,3095.0,2601.0,2763.0,4095.0
450605,2415.0,2660.0,3673.0,4095.0,3063.0,2597.0,2765.0,4095.0
450705,2439.0,2656.0,3639.0,4095.0,3052.0,2587.0,2759.0,4095.0
450955,2416.0,2652.0,3698.0,4095.0,3060.0,2588.0,2745.0,4095.0
451055,2395.0,2653.0,3648.0,4095.0,3089.0,2593.0,2759.0,4095.0
451355,2400.0,2639.0,3676.0,4095.0,3064.0,2583.0,2770.0,4095.0
451555,2437.0,2666.0,3649.0,4095.0,3097.0,2579.0,2763.0,4095.0
451655,2408.0,2659.0,3683.0,4095.0,3065.0,2603.0,2750.0,4095.0
451755,2412.0,2647.0,3643.0,4095.0,3074.0,2593.0,2750.0,4095.0
451855,2417.0,2651.0,3651.0,4095.0,3095.0,2577.0,2759.0,4095.0
451955,2414.0,2672.0,3679.0,4095.0,3044.0,2592.0,2747.0,4095.0
452055,2413.0,2614.0,3607.0,4095.0,3057.0,2584.0,2761.0,4095.0
452155,2383.0,2620.0,3565.0,4095.0,3031.0,2613.0,2772.0,4095.0
452255,2329.0,2560.0,3477.0,4095.0,3052.0,2583.0,2756.0,4095.0
452355,2408.0,2631.0,3659.0,4095.0,3037.0,2587.0,2743.0,4095.0
452455,2432.0,2735.0,3871.0,4095.0,3040.0,2594.0,2776.0,4095.0
452555,2352.0,2792.0,3853.0,4095.0,3052.0,2594.0,2760.0,4095.0
452755,2439.0,2748.0,3688.0,4095.0,3051.0,2587.0,2745.0,4095.0
452855,2405.0,2631.0,3664.0,4095.0,3063.0,2585.0,2743.0,4095.0
452955,2435.0,2660.0,3631.0,4095.0,3087.0,2585.0,2757.0,4095.0
453155,2368.0,2833.0,3849.0,4095.0,3133.0,2583.0,2733.0,4095.0
453255,2423.0,2667.0,3664.0,4095.0,3125.0,2587.0,2732.0,4095.0
453355,2432.0,2667.0,3697.0,4095.0,3187.0,2585.0,2733.0,4095.0
453455,2409.0,2672.0,3643.0,4095.0,3200.0,2552.0,2711.0,4095.0
453555,2411.0,2649.0,3661.0,4095.0,3210.0,2559.0,2711.0,4095.0
453655,2436.0,2680.0,3699.0,4095.0,3224.0,2564.0,2709.0,4095.0
453755,2411.0,2672.0,3639.0,4095.0,3220.0,2574.0,2703.0,4095.0
453855,2407.0,2680.0,3655.0,4095.0,3269.0,2537.0,2712.0,4095.0
453955,2411.0,2663.0,3653.0,4095.0,3219.0,2580.0,2717.0,4095.0
454055,2587.0,2640.0,3727.0,4095.0,3189.0,2577.0,2733.0,4095.0
454155,2454.0,2819.0,3887.0,4095.0,3225.0,2577.0,2721.0,4095.0
454255,2492.0,2711.0,3859.0,4095.0,3153.0,2589.0,2720.0,4095.0
454355,2430.0,2692.0,3703.0,4095.0,3133.0,2588.0,2720.0,4095.0
454455,2449.0,2661.0,3693.0,4095.0,3128.0,2586.0,2719.0,4095.0
454555,2424.0,2696.0,3664.0,4095.0,3117.0,2582.0,2739.0,4095.0
454655,2437.0,2649.0,3639.0,4095.0,3119.0,2591.0,2731.0,4095.0
454755,2441.0,2665.0,3649.0,4095.0,3142.0,2584.0,2728.0,4095.0
454855,2416.0,2643.0,3678.0,4095.0,3153.0,2589.0,2729.0,4095.0
454955,2411.0,2643.0,3643.0,4095.0,3136.0,2578.0,2715.0,4095.0
455055,2423.0,2649.0,3655.0,4095.0,3187.0,2553.0,2728.0,4095.0
455155,2428.0,2676.0,3643.0,4095.0,3192.0,2559.0,2712.0,4095.0
455255,2411.0,2649.0,3655.0,4095.0,3191.0,2555.0,2709.0,4095.0
455355,2438.0,2655.0,3673.0,4095.0,3193.0,2560.0,2709.0,4095.0
455455,2587.0,2637.0,3727.0,4095.0,3230.0,2579.0,2728.0,4095.0
455555,2436.0,2659.0,3672.0,4095.0,3216.0,2586.0,2718.0,4095.0
455655,2436.0,2659.0,3673.0,4095.0,3209.0,2573.0,2712.0,4095.0
455755,2411.0,2672.0,3641.0,4095.0,3200.0,2570.0,2707.0,4095.0
455855,2441.0,2672.0,3671.0,4095.0,3200.0,2569.0,2707.0,4095.0
455955,2426.0,2672.0,3663.0,4095.0,3213.0,2570.0,2712.0,4095.0
456055,2411.0,2649.0,3661.0,4095.0,3219.0,2578.0,2713.0,4095.0
456155,2424.0,2667.0,3682.0,4095.0,3200.0,2567.0,2707.0,4095.0
456255,2424.0,2671.0,3682.0,4095.0,3200.0,2568.0,2708.0,4095.0
456355,2587.0,2632.0,3739.0,4095.0,3209.0,2575.0,2719.0,4095.0
456455,2424.0,2647.0,3672.0,4095.0,3198.0,2569.0,2711.0,4095.0
456555,2409.0,2645.0,3647.0,4095.0,3191.0,2571.0,2717.0,4095.0
456655,2591.0,2616.0,3695.0,4095.0,3191.0,2584.0,2711.0,4095.0
456755,2407.0,2645.0,3651.0,4095.0,3231.0,2571.0,2715.0,4095.0
456855,2404.0,2784.0,3776.0,4095.0,3230.0,2584.0,2732.0,4095.0
456955,2368.0,2835.0,3867.0,4095.0,3200.0,2552.0,2719.0,4095.0
457055,2407.0,2643.0,3639.0,4095.0,3207.0,2575.0,2723.0,4095.0
457155,2415.0,2659.0,3653.0,4095.0,3196.0,2568.0,2712.0,4095.0
457255,2451.0,2653.0,3651.0,4095.0,3193.0,2554.0,2722.0,4095.0
457355,2424.0,2645.0,3674.0,4095.0,3193.0,2565.0,2707.0,4095.0
457455,2593.0,2608.0,3683.0,4095.0,3176.0,2576.0,2720.0,4095.0
457555,2447.0,2651.0,3693.0,4095.0,3177.0,2579.0,2731.0,4095.0
457655,2430.0,2665.0,3678.0,4095.0,3147.0,2599.0,2733.0,4095.0
457755,2423.0,2665.0,3671.0,4095.0,3155.0,2589.0,2727.0,4095.0
457855,2417.0,2665.0,3664.0,4095.0,3163.0,2584.0,2719.0,4095.0
457955,2524.0,2703.0,3831.0,4095.0,3147.0,2592.0,2716.0,4095.0
458055,2407.0,2655.0,3643.0,4095.0,3157.0,2569.0,2728.0,4095.0
458155,2424.0,2672.0,3672.0,4095.0,3161.0,2582.0,2724.0,4095.0
458255,2419.0,2664.0,3651.0,4095.0,3143.0,2583.0,2717.0,4095.0
458355,2512.0,2727.0,3859.0,4095.0,3163.0,2583.0,2722.0,4095.0
458455,2543.0,2680.0,3580.0,4095.0,3156.0,2585.0,2720.0,4095.0
458555,2415.0,2655.0,3667.0,4095.0,3147.0,2579.0,2731.0,4095.0
458655,2439.0,2676.0,3651.0,4095.0,3160.0,2578.0,2731.0,4095.0
458755,2407.0,2668.0,3655.0,4095.0,3157.0,2585.0,2729.0,4095.0
458855,2405.0,2656.0,3644.0,4095.0,3155.0,2571.0,2717.0,4095.0
458955,2424.0,2667.0,3674.0,4095.0,3169.0,2585.0,2720.0,4095.0
459055,2411.0,2676.0,3653.0,4095.0,3155.0,2579.0,2715.0,4095.0
459155,2424.0,2653.0,3679.0,4095.0,3152.0,2582.0,2718.0,4095.0
459255,2417.0,2643.0,3661.0,4095.0,3179.0,2599.0,2725.0,4095.0
459405,2408.0,2651.0,3639.0,4095.0,3152.0,2584.0,2715.0,4095.0
459505,2415.0,2657.0,3653.0,4095.0,3148.0,2577.0,2724.0,4095.0
459655,2426.0,2668.0,3687.0,4095.0,3175.0,2599.0,2725.0,4095.0
459805,2416.0,2831.0,3871.0,4095.0,3155.0,2581.0,2717.0,4095.0
459955,2409.0,2678.0,3663.0,4095.0,3155.0,2577.0,2731.0,4095.0
460055,2424.0,2643.0,3676.0,4095.0,3156.0,2585.0,2720.0,4095.0
460155,2407.0,2651.0,3649.0,4095.0,3143.0,2581.0,2721.0,4095.0
460255,2403.0,2643.0,3653.0,4095.0,3147.0,2577.0,2723.0,4095.0
460355,2424.0,2656.0,3684.0,4095.0,3143.0,2583.0,2734.0,4095.0
460455,2413.0,2656.0,3676.0,4095.0,3148.0,2584.0,2715.0,4095.0
460555,2416.0,2670.0,3672.0,4095.0,3149.0,2583.0,2715.0,4095.0
460655,2424.0,2656.0,3688.0,4095.0,3153.0,2585.0,2731.0,4095.0
460755,2403.0,2664.0,3655.0,4095.0,3148.0,2579.0,2721.0,4095.0
460855,2416.0,2672.0,3676.0,4095.0,3150.0,2584.0,2720.0,4095.0
460955,2403.0,2641.0,3653.0,4095.0,3155.0,2582.0,2720.0,4095.0
461055,2416.0,2643.0,3663.0,4095.0,3166.0,2571.0,2721.0,4095.0
461155,2563.0,2640.0,3610.0,4095.0,3151.0,2583.0,2720.0,4095.0
461255,2403.0,2672.0,3661.0,4095.0,3150.0,2582.0,2720.0,4095.0
461355,2403.0,2639.0,3651.0,4095.0,3151.0,2587.0,2731.0,4095.0
461455,2423.0,2663.0,3676.0,4095.0,3150.0,2575.0,2715.0,4095.0
461555,2411.0,2666.0,3653.0,4095.0,3162.0,2584.0,2724.0,4095.0
461655,2416.0,2663.0,3676.0,4095.0,3143.0,2575.0,2741.0,4095.0
461755,2407.0,2655.0,3672.0,4095.0,3152.0,2583.0,2717.0,4095.0
461855,2415.0,2664.0,3659.0,4095.0,3156.0,2580.0,2713.0,4095.0
461955,2437.0,2643.0,3693.0,4095.0,3161.0,2580.0,2715.0,4095.0
462055,2428.0,2651.0,3684.0,4095.0,3156.0,2579.0,2724.0,4095.0
462155,2451.0,2656.0,3643.0,4095.0,3161.0,2571.0,2720.0,4095.0
462255,2443.0,2639.0,3688.0,4095.0,3168.0,2584.0,2728.0,4095.0
462355,2441.0,2659.0,3679.0,4095.0,3153.0,2567.0,2719.0,4095.0
462455,2426.0,2643.0,3703.0,4095.0,3189.0,2584.0,2727.0,4095.0
462555,2555.0,2642.0,3755.0,4095.0,3153.0,2580.0,2730.0,4095.0
462655,2545.0,2752.0,3632.0,4095.0,3195.0,2581.0,2720.0,4095.0
462755,2360.0,2760.0,3808.0,4095.0,3177.0,2576.0,2719.0,4095.0
462855,2417.0,2655.0,3653.0,4095.0,3159.0,2573.0,2733.0,4095.0
462955,2428.0,2649.0,3680.0,4095.0,3175.0,2585.0,2720.0,4095.0
463055,2407.0,2664.0,3655.0,4095.0,3167.0,2585.0,2720.0,4095.0
463155,2424.0,2651.0,3678.0,4095.0,3144.0,2600.0,2728.0,4095.0
463255,2407.0,2667.0,3643.0,4095.0,3141.0,2593.0,2728.0,4095.0
463355,2423.0,2647.0,3667.0,4095.0,3131.0,2588.0,2728.0,4095.0
463455,2424.0,2655.0,3672.0,4095.0,3128.0,2589.0,2731.0,4095.0
463555,2416.0,2647.0,3682.0,4095.0,3128.0,2588.0,2721.0,4095.0
463655,2409.0,2655.0,3659.0,4095.0,3120.0,2584.0,2720.0,4095.0
463755,2424.0,2653.0,3684.0,4095.0,3117.0,2585.0,2733.0,4095.0
463855,2416.0,2668.0,3664.0,4095.0,3136.0,2592.0,2744.0,4095.0
463955,2431.0,2680.0,3676.0,4095.0,3117.0,2583.0,2725.0,4095.0
464055,2416.0,2647.0,3680.0,4095.0,3109.0,2579.0,2715.0,4095.0
464155,2427.0,2657.0,3643.0,4095.0,3131.0,2591.0,2730.0,4095.0
464255,2416.0,2653.0,3676.0,4095.0,3127.0,2600.0,2730.0,4095.0
464355,2423.0,2664.0,3669.0,4095.0,3116.0,2592.0,2721.0,4095.0
464455,2407.0,2672.0,3665.0,4095.0,3129.0,2590.0,2728.0,4095.0
464555,2424.0,2647.0,3686.0,4095.0,3113.0,2592.0,2721.0,4095.0
464655,2427.0,2656.0,3671.0,4095.0,3108.0,2589.0,2739.0,4095.0
464755,2416.0,2643.0,3676.0,4095.0,3126.0,2592.0,2728.0,4095.0
464855,2399.0,2664.0,3651.0,4095.0,3119.0,2587.0,2720.0,4095.0
464955,2416.0,2649.0,3676.0,4095.0,3147.0,2591.0,2732.0,4095.0
465055,2427.0,2656.0,3673.0,4095.0,3116.0,2581.0,2722.0,4095.0
465155,2407.0,2680.0,3643.0,4095.0,3107.0,2608.0,2717.0,4095.0
465255,2403.0,2641.0,3653.0,4095.0,3098.0,2592.0,2732.0,4095.0
465355,2416.0,2647.0,3676.0,4095.0,3107.0,2597.0,2732.0,4095.0
465455,2416.0,2656.0,3700.0,4095.0,3092.0,2588.0,2731.0,4095.0
465555,2399.0,2656.0,3639.0,4095.0,3092.0,2587.0,2725.0,4095.0
465655,2416.0,2655.0,3676.0,4095.0,3101.0,2592.0,2735.0,4095.0
465755,2416.0,2664.0,3672.0,4095.0,3090.0,2587.0,2725.0,4095.0
465855,2416.0,2668.0,3672.0,4095.0,3091.0,2602.0,2741.0,4095.0
465955,2520.0,2727.0,3855.0,4095.0,3104.0,2606.0,2743.0,4095.0
466055,2499.0,2704.0,3632.0,4095.0,3079.0,2587.0,2723.0,4095.0
466155,2415.0,2672.0,3672.0,4095.0,3090.0,2593.0,2726.0,4095.0
466255,2424.0,2645.0,3688.0,4095.0,3088.0,2592.0,2729.0,4095.0
466355,2409.0,2655.0,3649.0,4095.0,3080.0,2594.0,2735.0,4095.0
466455,2408.0,2649.0,3651.0,4095.0,3087.0,2586.0,2721.0,4095.0
466555,2423.0,2772.0,3744.0,4095.0,3096.0,2593.0,2744.0,4095.0
466655,2416.0,2656.0,3663.0,4095.0,3104.0,2600.0,2742.0,4095.0
466755,2411.0,2649.0,3703.0,4095.0,3099.0,2603.0,2737.0,4095.0
466855,2415.0,2718.0,3739.0,4095.0,3069.0,2590.0,2759.0,4095.0
466955,2402.0,2716.0,3724.0,4095.0,3081.0,2605.0,2741.0,4095.0
467055,2352.0,2752.0,3808.0,4095.0,3099.0,2592.0,2732.0,4095.0
467155,2419.0,2664.0,3659.0,4095.0,3092.0,2592.0,2727.0,4095.0
467255,2416.0,2682.0,3672.0,4095.0,3096.0,2592.0,2732.0,4095.0
467355,2424.0,2670.0,3688.0,4095.0,3089.0,2592.0,2747.0,4095.0
467455,2416.0,2643.0,3659.0,4095.0,3087.0,2611.0,2757.0,4095.0
467555,2407.0,2641.0,3657.0,4095.0,3107.0,2607.0,2733.0,4095.0
467655,2403.0,2664.0,3640.0,4095.0,3097.0,2612.0,2732.0,4095.0
467755,2401.0,2641.0,3649.0,4095.0,3096.0,2599.0,2728.0,4095.0
467855,2416.0,2653.0,3672.0,4095.0,3091.0,2592.0,2727.0,4095.0
467955,2413.0,2668.0,3653.0,4095.0,3090.0,2585.0,2727.0,4095.0
468055,2414.0,2668.0,3664.0,4095.0,3117.0,2611.0,2739.0,4095.0
468155,2403.0,2664.0,3659.0,4095.0,3103.0,2586.0,2739.0,4095.0
468255,2403.0,2655.0,3652.0,4095.0,3091.0,2598.0,2732.0,4095.0
468355,2413.0,2656.0,3669.0,4095.0,3085.0,2587.0,2727.0,4095.0
468455,2424.0,2659.0,3676.0,4095.0,3093.0,2597.0,2734.0,4095.0
468555,2557.0,2703.0,3807.0,4095.0,3084.0,2599.0,2729.0,4095.0
468655,2426.0,2643.0,3699.0,4095.0,3086.0,2598.0,2729.0,4095.0
468755,2403.0,2647.0,3641.0,4095.0,3079.0,2603.0,2744.0,4095.0
468855,2411.0,2668.0,3664.0,4095.0,3093.0,2598.0,2732.0,4095.0
468955,2424.0,2655.0,3684.0,4095.0,3080.0,2592.0,2725.0,4095.0
469055,2424.0,2643.0,3672.0,4095.0,3082.0,2590.0,2725.0,4095.0
469155,2403.0,2643.0,3663.0,4095.0,3083.0,2585.0,2727.0,4095.0
469255,2424.0,2656.0,3682.0,4095.0,3068.0,2589.0,2731.0,4095.0
469355,2416.0,2656.0,3672.0,4095.0,3095.0,2598.0,2735.0,4095.0
469455,2424.0,2656.0,3683.0,4095.0,3082.0,2587.0,2726.0,4095.0
469555,2425.0,2656.0,3671.0,4095.0,3069.0,2587.0,2745.0,4095.0
469655,2416.0,2682.0,3664.0,4095.0,3071.0,2592.0,2725.0,4095.0
469755,2401.0,2656.0,3647.0,4095.0,3093.0,2596.0,2732.0,4095.0
469855,2426.0,2655.0,3703.0,4095.0,3081.0,2599.0,2739.0,4095.0
469955,2416.0,2647.0,3672.0,4095.0,3089.0,2600.0,2733.0,4095.0
470055,2503.0,2672.0,3616.0,4095.0,3098.0,2601.0,2736.0,4095.0
470155,2524.0,2751.0,3859.0,4095.0,3104.0,2600.0,2736.0,4095.0
470255,2368.0,2813.0,3835.0,4095.0,3079.0,2587.0,2725.0,4095.0
470355,2499.0,2791.0,3724.0,4095.0,3065.0,2593.0,2727.0,4095.0
470455,2583.0,2624.0,3713.0,4095.0,3092.0,2604.0,2736.0,4095.0
470555,2352.0,2813.0,3848.0,4095.0,3061.0,2598.0,2723.0,4095.0
470655,2400.0,2781.0,3852.0,4095.0,3072.0,2615.0,2747.0,4095.0
470755,2503.0,2624.0,3584.0,4095.0,3063.0,2587.0,2723.0,4095.0
470855,2583.0,2608.0,3632.0,4095.0,3073.0,2585.0,2721.0,4095.0
470955,2515.0,2672.0,3608.0,4095.0,3071.0,2589.0,2732.0,4095.0
471055,2512.0,2735.0,3859.0,4095.0,3075.0,2599.0,2731.0,4095.0
471155,2591.0,2592.0,3616.0,4095.0,3115.0,2596.0,2728.0,4095.0
471255,2583.0,2623.0,3653.0,4095.0,3126.0,2600.0,2736.0,4095.0
471355,2426.0,2678.0,3676.0,4095.0,3095.0,2608.0,2730.0,4095.0
471455,2416.0,2666.0,3676.0,4095.0,3091.0,2587.0,2755.0,4095.0
471555,2424.0,2643.0,3685.0,4095.0,3093.0,2583.0,2745.0,4095.0
471655,2413.0,2668.0,3655.0,4095.0,3097.0,2585.0,2739.0,4095.0
471755,2443.0,2643.0,3691.0,4095.0,3107.0,2592.0,2744.0,4095.0
471855,2426.0,2643.0,3675.0,4095.0,3089.0,2602.0,2729.0,4095.0
471955,2394.0,2768.0,3776.0,4095.0,3104.0,2583.0,2727.0,4095.0
472055,2413.0,2656.0,3657.0,4095.0,3103.0,2592.0,2719.0,4095.0
472155,2396.0,2764.0,3772.0,4095.0,3102.0,2585.0,2719.0,4095.0
472255,2401.0,2655.0,3647.0,4095.0,3100.0,2583.0,2717.0,4095.0
472355,2435.0,2656.0,3655.0,4095.0,3104.0,2589.0,2723.0,4095.0
472455,2496.0,2831.0,3883.0,4095.0,3104.0,2583.0,2729.0,4095.0
472555,2403.0,2668.0,3661.0,4095.0,3089.0,2583.0,2716.0,4095.0
472655,2416.0,2635.0,3671.0,4095.0,3103.0,2591.0,2720.0,4095.0
472755,2401.0,2651.0,3641.0,4095.0,3100.0,2599.0,2724.0,4095.0
472855,2441.0,2664.0,3673.0,4095.0,3109.0,2591.0,2728.0,4095.0
473055,2579.0,2619.0,3703.0,4095.0,3100.0,2594.0,2728.0,4095.0
473055,2416.0,2660.0,3663.0,4095.0,3101.0,2591.0,2728.0,4095.0
473205,2411.0,2641.0,3663.0,4095.0,3098.0,2592.0,2720.0,4095.0
473305,2407.0,2664.0,3643.0,4095.0,3095.0,2591.0,2723.0,4095.0
473405,2418.0,2635.0,3674.0,4095.0,3091.0,2608.0,2736.0,4095.0
473505,2423.0,2655.0,3682.0,4095.0,3127.0,2592.0,2734.0,4095.0
473605,2399.0,2664.0,3655.0,4095.0,3099.0,2592.0,2720.0,4095.0
473705,2416.0,2649.0,3682.0,4095.0,3087.0,2601.0,2755.0,4095.0
473805,2423.0,2664.0,3667.0,4095.0,3095.0,2589.0,2725.0,4095.0
473905,2416.0,2647.0,3672.0,4095.0,3097.0,2588.0,2739.0,4095.0
474005,2416.0,2665.0,3676.0,4095.0,3087.0,2599.0,2739.0,4095.0
474105,2416.0,2682.0,3664.0,4095.0,3095.0,2585.0,2729.0,4095.0
474205,2403.0,2643.0,3651.0,4095.0,3096.0,2602.0,2725.0,4095.0
474305,2439.0,2656.0,3691.0,4095.0,3087.0,2585.0,2721.0,4095.0
474405,2408.0,2774.0,3855.0,4095.0,3091.0,2599.0,2740.0,4095.0
474505,2416.0,2668.0,3672.0,4095.0,3111.0,2591.0,2728.0,4095.0
474605,2413.0,2664.0,3663.0,4095.0,3100.0,2584.0,2721.0,4095.0
474705,2416.0,2664.0,3672.0,4095.0,3091.0,2605.0,2747.0,4095.0
474805,2404.0,2647.0,3643.0,4095.0,3105.0,2591.0,2730.0,4095.0
474905,2413.0,2656.0,3651.0,4095.0,3087.0,2583.0,2723.0,4095.0
475005,2415.0,2664.0,3661.0,4095.0,3118.0,2592.0,2734.0,4095.0
475105,2416.0,2639.0,3657.0,4095.0,3118.0,2592.0,2730.0,4095.0
475205,2416.0,2656.0,3655.0,4095.0,3098.0,2585.0,2725.0,4095.0
475305,2426.0,2664.0,3672.0,4095.0,3098.0,2591.0,2717.0,4095.0
475405,2368.0,2752.0,3808.0,4095.0,3101.0,2589.0,2735.0,4095.0
475505,2400.0,2827.0,3875.0,4095.0,3102.0,2592.0,2720.0,4095.0
475605,2583.0,2608.0,3703.0,4095.0,3121.0,2600.0,2730.0,4095.0
475705,2416.0,2643.0,3659.0,4095.0,3105.0,2597.0,2732.0,4095.0
475805,2403.0,2647.0,3659.0,4095.0,3063.0,2602.0,2745.0,4095.0
475905,2424.0,2672.0,3692.0,4095.0,3080.0,2592.0,2727.0,4095.0
476005,2405.0,2649.0,3663.0,4095.0,3081.0,2604.0,2737.0,4095.0
476105,2409.0,2651.0,3655.0,4095.0,3125.0,2596.0,2725.0,4095.0
476205,2401.0,2616.0,3570.0,4095.0,3694.0,2474.0,2609.0,4095.0
476305,2441.0,2695.0,3665.0,4095.0,3509.0,2580.0,2641.0,4095.0
476405,2408.0,2863.0,3701.0,4095.0,3493.0,2556.0,2661.0,4095.0
476505,2332.0,2550.0,3231.0,4095.0,3557.0,2535.0,2646.0,4095.0
476605,2428.0,2659.0,3568.0,4095.0,3699.0,2480.0,2616.0,4095.0
476705,2360.0,2587.0,3416.0,4095.0,3754.0,2510.0,2600.0,4095.0
476805,2391.0,2656.0,3507.0,4095.0,3496.0,2649.0,2611.0,4095.0
476955,2799.0,2963.0,3499.0,4095.0,4095.0,3022.0,2325.0,4095.0
477055,2639.0,2816.0,3712.0,3943.0,4095.0,2375.0,2543.0,4095.0
477155,2577.0,2839.0,3771.0,2320.0,3755.0,2399.0,2796.0,4095.0
477255,2560.0,2835.0,3975.0,1848.0,3367.0,1752.0,4095.0,4095.0
477355,2565.0,2803.0,3950.0,1512.0,3434.0,1695.0,4095.0,4095.0
477455,2631.0,2849.0,3927.0,1075.0,3449.0,1703.0,4095.0,4095.0
477555,2731.0,2944.0,3915.0,848.0,3468.0,1733.0,4095.0,4095.0
477655,2843.0,3027.0,3952.0,824.0,3491.0,1723.0,4095.0,4095.0
477755,2908.0,3056.0,3952.0,736.0,3502.0,1703.0,4095.0,4095.0
477855,2911.0,3033.0,3964.0,711.0,3428.0,1701.0,4095.0,4095.0
477955,2843.0,3040.0,3960.0,715.0,3493.0,1693.0,4095.0,4095.0
478055,2859.0,3059.0,3992.0,673.0,3105.0,1747.0,4095.0,4095.0
478155,2867.0,3122.0,3993.0,716.0,3173.0,1747.0,4095.0,4095.0
478255,2884.0,3099.0,4023.0,697.0,3603.0,1648.0,4095.0,4095.0
478355,2800.0,3079.0,4095.0,719.0,4095.0,1487.0,4095.0,3792.0
478455,2891.0,3096.0,3992.0,673.0,3735.0,1673.0,4095.0,2151.0
478555,2868.0,3072.0,3964.0,651.0,3497.0,1804.0,4095.0,841.0
478655,2881.0,3045.0,3965.0,673.0,3532.0,1841.0,4095.0,501.0
478755,2897.0,3089.0,3968.0,689.0,3456.0,1764.0,4095.0,392.0
478855,2856.0,3051.0,3955.0,696.0,3448.0,1724.0,4095.0,391.0
478955,2733.0,2993.0,3963.0,535.0,3805.0,2551.0,4095.0,437.0
479055,2731.0,2936.0,3971.0,552.0,4095.0,4095.0,4095.0,488.0
479155,2720.0,2923.0,3960.0,553.0,4095.0,4095.0,4095.0,1560.0
479255,2761.0,2959.0,3976.0,557.0,4095.0,1928.0,4095.0,2119.0
479355,2751.0,2971.0,3936.0,543.0,4095.0,1907.0,4095.0,1144.0
479455,2773.0,2972.0,3985.0,531.0,4095.0,1919.0,4095.0,711.0
479555,2711.0,2938.0,3987.0,507.0,4095.0,3131.0,4095.0,565.0
479655,2736.0,2911.0,4095.0,519.0,4095.0,2188.0,4095.0,565.0
479755,2931.0,3000.0,3924.0,512.0,4095.0,1945.0,4095.0,595.0
479855,2772.0,2964.0,3991.0,507.0,3776.0,2059.0,4095.0,558.0
479955,2811.0,2995.0,3956.0,500.0,4095.0,1827.0,4095.0,683.0
480055,2792.0,2995.0,3944.0,512.0,4095.0,1899.0,3801.0,1070.0
480155,2808.0,3033.0,3991.0,535.0,3899.0,2137.0,3697.0,2009.0
480255,2845.0,3091.0,3991.0,527.0,3947.0,2125.0,3629.0,1937.0
480355,2891.0,3106.0,3959.0,513.0,4095.0,1978.0,3576.0,1877.0
480455,2835.0,3128.0,3968.0,499.0,3743.0,2166.0,3615.0,1887.0
480555,2876.0,3120.0,4008.0,486.0,3752.0,2213.0,3602.0,2184.0
480655,2875.0,3116.0,3975.0,489.0,3760.0,2245.0,3605.0,2289.0
480755,2883.0,3091.0,3961.0,499.0,3797.0,2262.0,3629.0,2501.0
480855,2856.0,3097.0,3960.0,503.0,3744.0,2300.0,3612.0,2720.0
480955,2975.0,3288.0,4032.0,544.0,3733.0,2336.0,3611.0,2620.0
481055,2903.0,3112.0,3952.0,483.0,3760.0,2284.0,3628.0,2542.0
481155,2855.0,3087.0,3952.0,473.0,3726.0,2323.0,3607.0,2647.0
481255,2919.0,3192.0,4053.0,425.0,3712.0,2267.0,3608.0,2591.0
481355,2965.0,3375.0,4095.0,368.0,3879.0,2189.0,3712.0,2478.0
481455,794.0,4095.0,4095.0,224.0,3916.0,2126.0,3823.0,2495.0
481555,640.0,4095.0,4095.0,160.0,3784.0,2151.0,3771.0,2517.0
481655,709.0,4095.0,4095.0,53.0,3655.0,2171.0,3757.0,2888.0
481755,521.0,4095.0,4095.0,55.0,4095.0,1965.0,3664.0,3005.0
481855,352.0,4095.0,4095.0,103.0,4095.0,1967.0,3657.0,3221.0
481955,1207.0,4095.0,4095.0,117.0,4095.0,1973.0,3624.0,3139.0
482055,502.0,4095.0,4095.0,124.0,4095.0,1982.0,3591.0,3168.0
482155,839.0,4095.0,4095.0,156.0,4095.0,1993.0,3512.0,3345.0
482255,666.0,4095.0,4095.0,155.0,4095.0,1996.0,3504.0,3404.0
482355,4095.0,4095.0,4095.0,168.0,3956.0,2149.0,3497.0,3876.0
482455,4095.0,4095.0,4095.0,352.0,4095.0,2107.0,3271.0,4095.0
482555,4069.0,4072.0,3555.0,1397.0,4095.0,2081.0,3199.0,4095.0
482655,4048.0,4056.0,3467.0,3338.0,4095.0,2053.0,3305.0,4095.0
482755,4043.0,4019.0,3259.0,3663.0,4095.0,2069.0,3213.0,4005.0
482855,4019.0,4002.0,3183.0,3590.0,3888.0,2181.0,3280.0,3032.0
482955,3936.0,3915.0,3204.0,4095.0,3767.0,2170.0,3373.0,2540.0
483055,4079.0,3907.0,3143.0,4095.0,3763.0,2188.0,3304.0,4095.0
483155,3872.0,3888.0,3102.0,4095.0,3391.0,1839.0,3060.0,4095.0
483255,3991.0,4023.0,3155.0,4095.0,3493.0,2304.0,3241.0,4095.0
483355,4007.0,3963.0,3269.0,4041.0,3861.0,2232.0,3225.0,2512.0
483455,3958.0,3951.0,3104.0,2939.0,4095.0,2176.0,3127.0,926.0
483555,3979.0,3963.0,3024.0,2407.0,3866.0,2204.0,3260.0,812.0
483655,4054.0,4011.0,3106.0,1063.0,3929.0,2247.0,3191.0,983.0
483755,4013.0,3977.0,3657.0,420.0,3657.0,2350.0,3333.0,1148.0
483855,4049.0,4077.0,3481.0,353.0,3987.0,2361.0,3977.0,1187.0
483955,4095.0,4071.0,3275.0,408.0,4095.0,2751.0,3952.0,1183.0
484055,2591.0,4095.0,3056.0,463.0,4095.0,3495.0,3927.0,1241.0
484155,4095.0,4095.0,3035.0,432.0,4095.0,2265.0,4095.0,1239.0
484255,3183.0,4095.0,3071.0,417.0,3803.0,2200.0,3683.0,1235.0
484355,2002.0,4095.0,3515.0,311.0,3888.0,2359.0,3995.0,1210.0
484455,649.0,4095.0,4095.0,205.0,3664.0,2193.0,3861.0,1195.0
484555,543.0,4095.0,4095.0,204.0,3618.0,2125.0,3744.0,1207.0
484655,543.0,4095.0,4095.0,211.0,3672.0,2225.0,3277.0,1281.0
484755,1133.0,4095.0,4095.0,223.0,3789.0,2301.0,2935.0,1355.0
484855,953.0,4095.0,4095.0,205.0,3928.0,2325.0,2740.0,1520.0
485005,739.0,4095.0,4095.0,288.0,4011.0,2323.0,2670.0,1752.0
485155,768.0,4095.0,4095.0,349.0,4095.0,2320.0,2655.0,1909.0
485255,789.0,4095.0,4095.0,451.0,3885.0,2352.0,2683.0,1902.0
485355,892.0,4095.0,4095.0,536.0,3851.0,2357.0,2771.0,2092.0
485455,1411.0,3945.0,4095.0,600.0,3768.0,2358.0,2777.0,2232.0
485555,893.0,4095.0,4095.0,544.0,3729.0,2383.0,2733.0,2316.0
485655,928.0,4095.0,4095.0,579.0,3764.0,2364.0,2717.0,2253.0
485755,937.0,4095.0,4095.0,542.0,3737.0,2381.0,2715.0,2251.0
485855,882.0,4095.0,4095.0,563.0,3737.0,2394.0,2698.0,2195.0
485955,940.0,4095.0,4095.0,632.0,3723.0,2404.0,2680.0,2204.0
486055,1003.0,4095.0,4095.0,592.0,3717.0,2403.0,2680.0,2131.0
486155,939.0,4095.0,4095.0,576.0,3687.0,2424.0,2697.0,2128.0
486255,973.0,4095.0,4095.0,541.0,3692.0,2399.0,2667.0,2107.0
486355,951.0,4095.0,4095.0,576.0,3989.0,2345.0,2643.0,2247.0
486455,979.0,4060.0,4095.0,616.0,4095.0,2284.0,2634.0,2269.0
486555,1984.0,3377.0,4095.0,635.0,4095.0,2269.0,2608.0,2265.0
486655,887.0,4038.0,4095.0,634.0,4095.0,2270.0,2606.0,2237.0
486755,881.0,4032.0,4095.0,816.0,4095.0,2272.0,2641.0,2237.0
486855,951.0,4065.0,4095.0,719.0,3818.0,2366.0,2693.0,2280.0
486955,2063.0,3361.0,4095.0,784.0,3739.0,2399.0,2695.0,2324.0
487055,2080.0,3339.0,4095.0,736.0,3825.0,2361.0,2687.0,2269.0
487155,2035.0,3345.0,4095.0,768.0,3904.0,2348.0,2683.0,2248.0
487255,2040.0,3350.0,4095.0,784.0,3957.0,2350.0,2664.0,2235.0
487355,2080.0,3323.0,4095.0,784.0,3840.0,2376.0,2707.0,2323.0
487455,2030.0,3319.0,4095.0,839.0,3815.0,2380.0,2688.0,2391.0
487555,2048.0,3316.0,4095.0,947.0,3776.0,2384.0,2715.0,2425.0
487655,936.0,3931.0,4095.0,848.0,4095.0,2288.0,2665.0,2391.0
487755,2049.0,3296.0,4095.0,905.0,3925.0,2331.0,2683.0,2567.0
487855,1839.0,3387.0,4095.0,840.0,3695.0,2391.0,2719.0,2535.0
487955,1983.0,3603.0,4095.0,871.0,3673.0,2387.0,2711.0,2522.0
488155,2183.0,3363.0,4095.0,864.0,3892.0,2371.0,2659.0,2683.0
488305,1992.0,3287.0,4095.0,1000.0,3852.0,2373.0,2664.0,2731.0
488405,2000.0,3255.0,4095.0,1137.0,3773.0,2384.0,2670.0,2731.0
488555,1787.0,3375.0,4095.0,1015.0,3659.0,2411.0,2688.0,2807.0
488655,2038.0,3255.0,4095.0,995.0,3608.0,2419.0,2693.0,2809.0
488755,2054.0,3231.0,4095.0,950.0,3621.0,2427.0,2688.0,2793.0
488855,2081.0,3179.0,4095.0,927.0,3612.0,2444.0,2683.0,2776.0
488955,2068.0,3176.0,4095.0,878.0,3621.0,2440.0,2681.0,2755.0
489055,2063.0,3173.0,4095.0,883.0,3608.0,2424.0,2699.0,2748.0
489155,2073.0,3189.0,4095.0,891.0,3601.0,2423.0,2707.0,2765.0
489255,2066.0,3191.0,4095.0,880.0,3609.0,2411.0,2699.0,2775.0
489355,2075.0,3198.0,4095.0,901.0,3600.0,2425.0,2721.0,2710.0
489455,2132.0,3360.0,4095.0,899.0,3607.0,2423.0,2704.0,2665.0
489555,2080.0,3241.0,4095.0,881.0,3589.0,2428.0,2712.0,2664.0
489655,2055.0,3198.0,4095.0,881.0,3612.0,2419.0,2702.0,2665.0
489755,2065.0,3187.0,4095.0,880.0,3608.0,2416.0,2717.0,2661.0
489855,2091.0,3211.0,4095.0,907.0,4095.0,2299.0,2649.0,2661.0
489955,2075.0,3190.0,4095.0,926.0,4095.0,2291.0,2681.0,2656.0
490055,1088.0,3753.0,4095.0,942.0,4095.0,2281.0,2727.0,2660.0
490155,1104.0,3779.0,4095.0,952.0,4095.0,2289.0,2715.0,2681.0
490255,974.0,3868.0,4095.0,958.0,4095.0,2271.0,2730.0,2688.0
490355,1104.0,3730.0,4095.0,944.0,4095.0,2276.0,2736.0,2672.0
490455,1071.0,3741.0,4095.0,912.0,4095.0,2268.0,2759.0,2684.0
490555,1006.0,3847.0,4095.0,904.0,4095.0,2259.0,2790.0,2659.0
490655,1024.0,3750.0,4095.0,968.0,4095.0,2269.0,2769.0,2703.0
490755,1024.0,3708.0,4095.0,1050.0,4095.0,2257.0,2788.0,2707.0
490855,1104.0,3712.0,4095.0,992.0,4095.0,2257.0,2795.0,2710.0
490955,1034.0,3736.0,4095.0,927.0,4095.0,2249.0,2844.0,2726.0
491205,1036.0,3697.0,4095.0,980.0,4095.0,2257.0,2816.0,2695.0
491105,1068.0,3734.0,4095.0,928.0,4095.0,2240.0,2861.0,2681.0
491355,1040.0,3704.0,4095.0,913.0,4095.0,2237.0,2828.0,2688.0
491455,1020.0,3728.0,4095.0,884.0,4065.0,2229.0,2937.0,2695.0
491755,1056.0,3727.0,4095.0,848.0,3941.0,2132.0,3251.0,2718.0
491955,1048.0,3774.0,4095.0,888.0,3811.0,2405.0,2718.0,2731.0
492055,928.0,3816.0,4095.0,800.0,3716.0,2144.0,3482.0,2725.0
492155,944.0,3863.0,4095.0,931.0,3792.0,2392.0,2769.0,2723.0
492255,2096.0,3370.0,4095.0,865.0,3898.0,2405.0,2676.0,2784.0
492355,647.0,4095.0,4095.0,816.0,4095.0,2375.0,2639.0,2794.0
492455,527.0,4095.0,4095.0,800.0,4095.0,2335.0,2639.0,2979.0
492555,607.0,4095.0,4095.0,848.0,4095.0,1871.0,3952.0,2956.0
492655,616.0,4095.0,4095.0,736.0,3700.0,2135.0,4095.0,3034.0
492755,1157.0,4095.0,4095.0,729.0,4015.0,2897.0,3981.0,3116.0
492855,809.0,4095.0,4095.0,729.0,3893.0,2722.0,3656.0,3080.0
492955,893.0,4095.0,4095.0,817.0,4091.0,2373.0,3771.0,3097.0
493055,1195.0,4095.0,4095.0,829.0,4095.0,2444.0,4095.0,3097.0
493155,1539.0,4024.0,4095.0,926.0,4095.0,2878.0,3910.0,3144.0
493255,1461.0,3965.0,4095.0,1048.0,4095.0,3853.0,3415.0,3155.0
493355,2875.0,3467.0,4095.0,1120.0,4095.0,4095.0,3213.0,3123.0
493455,2800.0,3479.0,4095.0,1088.0,4095.0,3731.0,3221.0,3114.0
493555,2797.0,3444.0,4095.0,1080.0,4095.0,3431.0,3359.0,3095.0
493655,2912.0,3403.0,4095.0,1048.0,4095.0,3143.0,3790.0,3167.0
493755,2895.0,3383.0,4095.0,999.0,4095.0,2807.0,3767.0,3128.0
493855,2872.0,3365.0,4095.0,991.0,4095.0,2844.0,3676.0,3056.0
494155,3055.0,3519.0,4095.0,964.0,4095.0,2637.0,3569.0,3024.0
494255,2903.0,3368.0,4095.0,981.0,4095.0,2660.0,3564.0,3043.0
494505,2840.0,3376.0,4095.0,983.0,4095.0,2607.0,3539.0,3043.0
494905,2832.0,3296.0,4095.0,1027.0,4095.0,2611.0,3481.0,2947.0
495005,2797.0,3267.0,4095.0,1064.0,4095.0,2641.0,3467.0,2969.0
495105,2816.0,3273.0,4095.0,1041.0,4095.0,2608.0,3433.0,2957.0
495255,2792.0,3256.0,4095.0,1171.0,4095.0,2600.0,3432.0,2926.0
495355,2810.0,3233.0,4095.0,1415.0,4095.0,2581.0,3438.0,2928.0
495455,2800.0,3264.0,4095.0,1351.0,4095.0,2515.0,3439.0,2901.0
495555,2972.0,3392.0,4095.0,1399.0,4095.0,2527.0,3436.0,2929.0
495655,2837.0,3237.0,4095.0,1311.0,4095.0,2520.0,3433.0,3054.0
495755,2808.0,3200.0,4095.0,1221.0,4095.0,2491.0,3531.0,3212.0
495855,3039.0,3399.0,4095.0,1186.0,3755.0,2580.0,3659.0,3256.0
495955,2875.0,3173.0,4095.0,1194.0,4095.0,2471.0,3838.0,3211.0
496055,2881.0,3199.0,4095.0,1223.0,4095.0,2427.0,4095.0,3189.0
496155,2853.0,3187.0,4095.0,1231.0,4095.0,2417.0,4095.0,3099.0
496255,2929.0,3220.0,4095.0,1328.0,3763.0,2539.0,4095.0,3277.0
496355,2905.0,3304.0,4095.0,1223.0,4095.0,2586.0,3956.0,3177.0
496455,2888.0,3364.0,4095.0,1248.0,4095.0,2668.0,3648.0,3208.0
496555,2898.0,3363.0,4095.0,1248.0,4049.0,2800.0,3567.0,3232.0
496655,2880.0,3351.0,4095.0,1292.0,4095.0,2928.0,3488.0,3231.0
496755,2847.0,3339.0,4095.0,1243.0,4095.0,2884.0,3485.0,3184.0
496855,3015.0,3527.0,4095.0,1216.0,4095.0,2906.0,3496.0,3187.0
496955,2944.0,3311.0,4095.0,1209.0,3990.0,2665.0,3641.0,3163.0
497055,2840.0,3345.0,4095.0,1180.0,3949.0,2637.0,3828.0,3221.0
497155,2987.0,3509.0,4095.0,1162.0,3912.0,2660.0,3971.0,3128.0
497255,2908.0,3424.0,4095.0,1259.0,3931.0,2584.0,4056.0,3075.0
497355,2891.0,3295.0,4095.0,1192.0,3883.0,2580.0,4040.0,3031.0
497455,2874.0,3320.0,4095.0,1184.0,3908.0,2584.0,4015.0,3120.0
497555,2718.0,3578.0,4095.0,1193.0,3943.0,2656.0,4024.0,3142.0
497655,2424.0,3691.0,4095.0,1232.0,4095.0,3003.0,3944.0,3091.0
497755,2359.0,3823.0,4095.0,1120.0,4095.0,3154.0,3797.0,3200.0
497855,2419.0,4095.0,4095.0,1189.0,4095.0,3485.0,4067.0,3217.0
497955,1159.0,4095.0,4095.0,1273.0,4095.0,4095.0,3845.0,3326.0
498055,779.0,4095.0,4095.0,1199.0,4095.0,4095.0,4095.0,3507.0
498155,835.0,4095.0,4095.0,1272.0,4095.0,4095.0,4095.0,3549.0
498255,1163.0,4095.0,4095.0,1563.0,4095.0,4095.0,4095.0,3661.0
498355,1405.0,4095.0,4095.0,1659.0,4095.0,4095.0,4095.0,3959.0
498455,3321.0,4095.0,4095.0,1896.0,4095.0,4095.0,4095.0,3915.0
498555,3024.0,3943.0,4095.0,2005.0,4095.0,4095.0,4095.0,4095.0
498655,3227.0,4046.0,4095.0,2517.0,4095.0,3428.0,3940.0,4095.0
498755,3184.0,4095.0,4095.0,2607.0,4095.0,3416.0,3755.0,4095.0
498855,2537.0,4095.0,4095.0,2669.0,4095.0,3317.0,3648.0,4095.0
498955,1305.0,4095.0,4095.0,2544.0,4095.0,3312.0,3573.0,4095.0
499055,1513.0,4095.0,4095.0,2719.0,4095.0,3389.0,3545.0,4095.0
499155,1721.0,4090.0,4095.0,2481.0,4095.0,3480.0,3524.0,4095.0
499255,1520.0,4095.0,4095.0,2383.0,4095.0,3469.0,3448.0,4095.0
499355,1616.0,4035.0,4095.0,2288.0,4095.0,3437.0,3451.0,4095.0
499455,1728.0,3979.0,4095.0,2225.0,4095.0,3343.0,3323.0,4095.0
499555,1688.0,4004.0,4095.0,2400.0,4095.0,3363.0,3269.0,4076.0
499655,1660.0,3977.0,4095.0,2508.0,4095.0,3366.0,3264.0,4095.0
499755,1615.0,3965.0,4095.0,2304.0,4095.0,3400.0,3239.0,4088.0
499855,1418.0,4045.0,4095.0,2518.0,4095.0,3474.0,3195.0,4095.0
499955,1496.0,3987.0,4095.0,2412.0,4095.0,3399.0,3196.0,4095.0
500055,1568.0,3935.0,4095.0,2176.0,4095.0,3276.0,3221.0,4095.0
500155,1560.0,3968.0,4095.0,2399.0,4095.0,3360.0,3193.0,4025.0
500255,1680.0,3965.0,4095.0,2512.0,4095.0,3211.0,3353.0,3840.0
500355,1584.0,3949.0,4095.0,2200.0,4095.0,3189.0,3404.0,3755.0
500455,1596.0,4025.0,4095.0,2135.0,4095.0,3295.0,3413.0,4041.0
500555,1525.0,4095.0,4095.0,2488.0,4095.0,3225.0,3426.0,4095.0
500655,1591.0,4095.0,4095.0,2294.0,4095.0,3184.0,3416.0,4095.0
500755,1568.0,4095.0,4095.0,2627.0,4095.0,3112.0,3388.0,4095.0
500855,1723.0,4011.0,4095.0,2336.0,4095.0,3082.0,3371.0,4095.0
500955,1632.0,4028.0,4095.0,2392.0,4095.0,3087.0,3383.0,4095.0
501055,1599.0,3999.0,4095.0,2352.0,4095.0,3056.0,3342.0,4095.0
501155,1600.0,3972.0,4095.0,2288.0,4095.0,2944.0,3319.0,4095.0
501255,1564.0,3988.0,4095.0,2272.0,4095.0,2953.0,3343.0,4095.0
501355,1584.0,3973.0,4095.0,2271.0,4095.0,2932.0,3306.0,4095.0
501455,1568.0,3957.0,4095.0,2328.0,4095.0,2943.0,3284.0,4095.0
501555,1573.0,3975.0,4095.0,2280.0,4095.0,2941.0,3287.0,4095.0
501655,1584.0,4007.0,4095.0,2168.0,4095.0,2904.0,3298.0,4095.0
501755,1640.0,3995.0,4095.0,2160.0,4095.0,2903.0,3303.0,4077.0
501855,1632.0,3988.0,4095.0,2072.0,4095.0,2907.0,3301.0,4095.0
501955,1536.0,4015.0,4095.0,2144.0,4095.0,2871.0,3288.0,4095.0
502055,1584.0,3996.0,4095.0,2028.0,4095.0,2878.0,3288.0,4095.0
502155,1551.0,3939.0,4095.0,2016.0,4095.0,2877.0,3313.0,4095.0
502255,1544.0,3945.0,4095.0,2092.0,4095.0,2924.0,3273.0,4095.0
502355,1528.0,3944.0,4095.0,2240.0,4095.0,2923.0,3264.0,4095.0
502455,1631.0,4011.0,4095.0,2102.0,4095.0,2921.0,3272.0,4095.0
502555,1536.0,3974.0,4095.0,2144.0,4095.0,2929.0,3272.0,4095.0
502655,1608.0,3981.0,4095.0,2096.0,4095.0,2927.0,3275.0,4095.0
502755,1552.0,3952.0,4095.0,2101.0,4095.0,2928.0,3260.0,4095.0
502855,1551.0,3947.0,4095.0,2104.0,4095.0,2834.0,3275.0,4095.0
502955,1559.0,3989.0,4095.0,2295.0,4095.0,2828.0,3276.0,4095.0
503055,1592.0,3983.0,4095.0,2104.0,4095.0,2828.0,3257.0,4095.0
503155,1543.0,3935.0,4095.0,2204.0,4095.0,2799.0,3263.0,4095.0
503255,1536.0,3960.0,4095.0,2188.0,4095.0,2808.0,3283.0,4091.0
503355,1616.0,3960.0,4095.0,2262.0,4095.0,2823.0,3271.0,4095.0
503455,1541.0,3943.0,4095.0,2174.0,4095.0,2856.0,3256.0,4095.0
503555,1511.0,3960.0,4095.0,2095.0,4095.0,2815.0,3253.0,4087.0
503655,1644.0,3940.0,4095.0,2111.0,4095.0,2812.0,3270.0,4095.0
503755,1581.0,3897.0,4095.0,2080.0,4095.0,2805.0,3269.0,4083.0
503855,1598.0,3907.0,4095.0,2088.0,4095.0,2840.0,3244.0,4092.0
503955,1735.0,3947.0,4095.0,2064.0,4095.0,2904.0,3253.0,4095.0
504105,1632.0,3911.0,4095.0,2079.0,4095.0,2800.0,3286.0,4095.0
504205,1639.0,3914.0,4095.0,2088.0,4095.0,2785.0,3285.0,4095.0
504305,1648.0,3901.0,4095.0,2087.0,4095.0,2797.0,3275.0,4095.0
504405,1584.0,3949.0,4095.0,2174.0,4095.0,2796.0,3256.0,4095.0
504505,1584.0,3926.0,4095.0,2156.0,4095.0,2791.0,3269.0,4091.0
504605,1648.0,3931.0,4095.0,2080.0,4095.0,2799.0,3275.0,4095.0
504905,1728.0,3889.0,4095.0,2093.0,4095.0,2812.0,3253.0,4095.0
505205,1596.0,4095.0,4095.0,2229.0,4095.0,2809.0,3237.0,4095.0
505305,1523.0,3922.0,4095.0,2088.0,4095.0,2827.0,3239.0,4095.0
505405,1552.0,3940.0,4095.0,2088.0,4095.0,2813.0,3241.0,4095.0
505505,1627.0,3927.0,4095.0,2073.0,4095.0,2793.0,3244.0,4095.0
505605,1623.0,3916.0,4095.0,2080.0,4095.0,2810.0,3242.0,4095.0
505705,1620.0,3891.0,4095.0,2080.0,4095.0,2839.0,3236.0,4095.0
505805,1624.0,3895.0,4095.0,2088.0,4095.0,2830.0,3225.0,4095.0
505905,1611.0,3916.0,4095.0,2080.0,4095.0,2829.0,3247.0,4095.0
506005,1704.0,3943.0,4095.0,2160.0,4095.0,2811.0,3241.0,4095.0
506105,1487.0,3944.0,4095.0,2083.0,4095.0,2791.0,3268.0,4093.0
506205,1496.0,3936.0,4095.0,2080.0,4095.0,2823.0,3245.0,4087.0
506305,1586.0,3931.0,4095.0,2099.0,4095.0,2773.0,3249.0,4095.0
506405,1408.0,4001.0,4095.0,2096.0,4095.0,2775.0,3237.0,4081.0
506505,1312.0,4053.0,4095.0,2168.0,4095.0,2776.0,3256.0,4095.0
506605,1311.0,4007.0,4095.0,2076.0,4095.0,2595.0,3108.0,4077.0
506705,1356.0,4057.0,4095.0,2074.0,4095.0,2551.0,3133.0,4085.0
506805,1313.0,4013.0,4095.0,2096.0,4095.0,2544.0,3129.0,4080.0
506905,1312.0,4005.0,4095.0,2176.0,4095.0,2549.0,3113.0,4089.0
507005,1303.0,4016.0,4095.0,2076.0,4095.0,2539.0,3133.0,4084.0
507105,1392.0,4008.0,4095.0,2080.0,4095.0,2523.0,3104.0,4095.0
507255,1306.0,3936.0,4095.0,2223.0,4095.0,2539.0,3095.0,4093.0
507355,1333.0,3991.0,4095.0,2176.0,4095.0,2551.0,3097.0,4095.0
507455,1320.0,4010.0,4095.0,2220.0,4095.0,2587.0,3105.0,4088.0
507555,1353.0,4000.0,4095.0,2080.0,4095.0,2572.0,3095.0,4088.0
507655,1443.0,4095.0,4095.0,2127.0,4095.0,2554.0,3087.0,4095.0
507755,1321.0,3985.0,4095.0,2224.0,4095.0,2547.0,3084.0,4059.0
507855,1331.0,4004.0,4095.0,2220.0,4095.0,2549.0,3087.0,4081.0
507955,1340.0,4045.0,4095.0,2107.0,4095.0,2543.0,3084.0,4093.0
508055,1368.0,4035.0,4095.0,2200.0,4095.0,2583.0,3100.0,4071.0
508155,1312.0,4035.0,4095.0,2256.0,4095.0,2748.0,3264.0,4095.0
508255,1408.0,4001.0,4095.0,2347.0,4095.0,2716.0,3277.0,4054.0
508355,1424.0,3993.0,4095.0,2331.0,4095.0,2791.0,3240.0,4067.0
508455,1408.0,4002.0,4095.0,2257.0,4095.0,2976.0,3180.0,4095.0
508555,1391.0,3984.0,4095.0,2508.0,4095.0,2952.0,3192.0,4095.0
508655,1360.0,3960.0,4095.0,2492.0,4095.0,2887.0,3176.0,4059.0
508755,1400.0,3994.0,4095.0,2720.0,4095.0,2895.0,3213.0,4063.0
508855,1332.0,3928.0,4095.0,2968.0,4095.0,2715.0,3087.0,4089.0
508955,1600.0,3813.0,4095.0,2848.0,4095.0,2508.0,3075.0,3979.0
509055,1808.0,3709.0,4095.0,3155.0,4095.0,2299.0,3087.0,3976.0
509155,1865.0,3763.0,4095.0,3092.0,4095.0,2349.0,3112.0,3875.0
509255,1771.0,3647.0,4095.0,3184.0,4095.0,2199.0,3152.0,3854.0
509355,1701.0,3625.0,4095.0,3208.0,4095.0,2175.0,3104.0,3831.0
509455,1701.0,3599.0,4095.0,3087.0,4095.0,2163.0,3111.0,3628.0
509555,1695.0,3614.0,4095.0,3121.0,4095.0,2149.0,3113.0,3531.0
509655,1696.0,3616.0,4095.0,3095.0,4095.0,2124.0,3100.0,3479.0
509755,1699.0,3603.0,4095.0,3160.0,4091.0,2096.0,3087.0,3484.0
509855,1709.0,3599.0,4095.0,2970.0,4092.0,2091.0,3080.0,3561.0
509955,1704.0,3601.0,4095.0,3001.0,4095.0,2138.0,3087.0,3561.0
510055,1696.0,3616.0,4095.0,2969.0,4095.0,2106.0,3087.0,3672.0
510155,1728.0,3616.0,4095.0,3040.0,4095.0,2100.0,3096.0,3624.0
510255,1730.0,3637.0,4095.0,3098.0,4091.0,2099.0,3092.0,3687.0
510355,1713.0,3630.0,4095.0,3020.0,4088.0,2104.0,3112.0,3617.0
510455,1747.0,3643.0,4095.0,2887.0,4094.0,2111.0,3123.0,3787.0
510555,1728.0,3653.0,4095.0,2799.0,4095.0,2104.0,3120.0,3879.0
510655,1744.0,3698.0,4095.0,2893.0,4095.0,2115.0,3139.0,3968.0
510755,1744.0,3694.0,4095.0,2656.0,4095.0,2133.0,3165.0,3979.0
510855,1784.0,3689.0,4095.0,2643.0,4095.0,2240.0,3175.0,4064.0
510955,1829.0,3784.0,4095.0,2599.0,4095.0,2363.0,3185.0,4095.0
511055,1936.0,3772.0,4095.0,2544.0,4095.0,2415.0,3228.0,4095.0
511155,1901.0,3737.0,4095.0,2432.0,4095.0,2475.0,3272.0,4095.0
511255,1889.0,3760.0,4095.0,2480.0,4095.0,2694.0,3235.0,4095.0
511355,1856.0,3760.0,4095.0,2496.0,4095.0,2715.0,3240.0,4095.0
511455,1913.0,3756.0,4095.0,2463.0,4095.0,2905.0,3239.0,4095.0
511555,1404.0,3999.0,4095.0,2420.0,4095.0,3015.0,3221.0,4095.0
511655,1415.0,4000.0,4095.0,2418.0,4095.0,2959.0,3195.0,4095.0
511755,1440.0,4056.0,4095.0,2387.0,4095.0,2809.0,3206.0,4095.0
511855,1624.0,4057.0,4095.0,2336.0,4095.0,2761.0,3208.0,4095.0
511955,1420.0,4095.0,4095.0,2460.0,4095.0,2688.0,3237.0,4095.0
512055,1452.0,4095.0,4095.0,2460.0,4095.0,2689.0,3208.0,4095.0
512155,1408.0,4055.0,4095.0,2320.0,4095.0,2680.0,3195.0,4095.0
512255,1494.0,4095.0,4095.0,2272.0,4095.0,2728.0,3200.0,4095.0
512355,1408.0,4037.0,4095.0,2272.0,4095.0,2762.0,3197.0,4095.0
512455,1432.0,4056.0,4095.0,2313.0,4095.0,2840.0,3178.0,4095.0
512555,1513.0,4059.0,4095.0,2263.0,4095.0,2652.0,3169.0,4095.0
512655,1360.0,4023.0,4095.0,2458.0,4095.0,2643.0,3175.0,4095.0
512755,1436.0,4064.0,4095.0,2352.0,4095.0,2608.0,3184.0,4095.0
512855,1427.0,4016.0,4095.0,2310.0,4095.0,2592.0,3193.0,4095.0
512955,1488.0,4056.0,4095.0,2240.0,4095.0,2603.0,3207.0,4095.0
513055,1452.0,4063.0,4095.0,2208.0,4095.0,2633.0,3196.0,4095.0
513155,1408.0,4005.0,4095.0,2320.0,4095.0,2569.0,3196.0,4095.0
513255,1420.0,4026.0,4095.0,2380.0,4095.0,2585.0,3196.0,4095.0
513355,1532.0,3991.0,4095.0,2320.0,4095.0,2635.0,3139.0,4095.0
513455,1488.0,4004.0,4095.0,2432.0,4052.0,2713.0,3095.0,4095.0
513555,1536.0,3995.0,4095.0,2645.0,4038.0,2502.0,3107.0,4095.0
513655,1498.0,4039.0,4095.0,2328.0,4002.0,2457.0,3094.0,4095.0
513755,1432.0,3984.0,4095.0,2364.0,4000.0,2464.0,3019.0,4095.0
513855,1380.0,3971.0,4095.0,2499.0,4013.0,2464.0,3004.0,4095.0
513955,1916.0,3788.0,4095.0,2519.0,3959.0,2326.0,2991.0,4095.0
514055,1904.0,3723.0,4095.0,2200.0,3957.0,2264.0,2983.0,4095.0
514155,1907.0,3763.0,4095.0,2080.0,3886.0,2215.0,2963.0,4095.0
514255,1888.0,3723.0,4095.0,1976.0,3687.0,2281.0,2989.0,4095.0
514355,1876.0,3720.0,4095.0,1903.0,3784.0,2572.0,3135.0,4095.0
514455,1952.0,3740.0,4095.0,1888.0,3789.0,2541.0,3150.0,4095.0
514555,1888.0,3739.0,4095.0,1865.0,3779.0,2547.0,3171.0,4095.0
514655,1865.0,3715.0,4095.0,1904.0,3805.0,2557.0,3151.0,4095.0
514755,1859.0,3677.0,4095.0,2107.0,3820.0,2583.0,3168.0,4095.0
514855,1872.0,3765.0,4095.0,2076.0,3688.0,2311.0,3021.0,4095.0
514955,1848.0,3772.0,4095.0,2087.0,3672.0,2225.0,3118.0,4095.0
515055,1936.0,3748.0,4095.0,1976.0,3656.0,2204.0,3390.0,4095.0
515155,1824.0,3721.0,4095.0,2288.0,3678.0,2283.0,3629.0,4095.0
515255,1871.0,3693.0,4095.0,2272.0,3736.0,2217.0,3523.0,3445.0
515355,1607.0,3969.0,4095.0,2271.0,3861.0,2137.0,3536.0,2376.0
515455,1824.0,3606.0,4095.0,2296.0,3865.0,2109.0,3560.0,2229.0
515555,2511.0,3280.0,4095.0,2312.0,3895.0,2047.0,3559.0,2236.0
515655,2587.0,3192.0,4095.0,2289.0,3465.0,2183.0,3577.0,3062.0
515755,2663.0,3159.0,4095.0,2384.0,3451.0,2173.0,3567.0,3531.0
515855,2575.0,3115.0,4095.0,2416.0,3454.0,2160.0,3560.0,3579.0
515955,2716.0,3120.0,4095.0,1383.0,3611.0,2107.0,3528.0,3572.0
516055,2591.0,3089.0,4095.0,841.0,3515.0,2151.0,3513.0,3562.0
516255,2571.0,3029.0,4095.0,779.0,4011.0,1953.0,3423.0,3355.0
516355,2555.0,3079.0,4095.0,704.0,3968.0,1968.0,3448.0,3232.0
516505,2567.0,3021.0,4095.0,729.0,3925.0,1940.0,3467.0,3253.0
516605,2601.0,3041.0,4095.0,777.0,3928.0,1923.0,3573.0,3408.0
516705,2591.0,3008.0,4095.0,936.0,3928.0,1927.0,3496.0,3863.0
516805,2595.0,3011.0,4095.0,1175.0,3948.0,1963.0,3465.0,4095.0
516905,2568.0,3107.0,4095.0,1376.0,3955.0,2021.0,3467.0,4095.0
517005,2603.0,3151.0,4095.0,1351.0,3951.0,2035.0,3517.0,4095.0
517105,1941.0,3548.0,4095.0,1387.0,3989.0,2131.0,3499.0,4095.0
517205,1616.0,3836.0,4095.0,1828.0,4056.0,2185.0,3502.0,4095.0
517305,1639.0,4095.0,4095.0,2839.0,4095.0,2345.0,3451.0,4095.0
517405,1680.0,3987.0,4095.0,3320.0,4095.0,2336.0,3429.0,4095.0
517505,1504.0,4047.0,4095.0,3564.0,4095.0,2303.0,3381.0,4095.0
517605,1528.0,4032.0,4095.0,3352.0,4080.0,2323.0,3375.0,4095.0
517705,1435.0,4021.0,4095.0,3614.0,3819.0,2423.0,3348.0,4095.0
517805,1520.0,4023.0,4095.0,3456.0,3867.0,2409.0,3288.0,4095.0
517905,1600.0,3997.0,4095.0,3503.0,3832.0,2285.0,3235.0,4095.0
518005,1425.0,3991.0,4095.0,3367.0,3640.0,2223.0,3167.0,4095.0
518105,1405.0,3938.0,4095.0,3732.0,3637.0,2162.0,3147.0,4095.0
518205,1427.0,3896.0,4095.0,3785.0,3571.0,2260.0,3095.0,4095.0
518305,1504.0,3789.0,4095.0,3788.0,3523.0,2200.0,3087.0,4095.0
518405,1616.0,3715.0,4095.0,3731.0,3508.0,2135.0,3087.0,4095.0
518505,1644.0,3625.0,4095.0,3807.0,3497.0,2120.0,3086.0,4095.0
518605,1664.0,3615.0,4095.0,3838.0,3496.0,2109.0,3060.0,4095.0
518705,1648.0,3634.0,4095.0,3777.0,3454.0,2096.0,3056.0,4095.0
518805,1661.0,3616.0,4095.0,3792.0,3475.0,2101.0,3051.0,4095.0
518905,1664.0,3640.0,4095.0,3804.0,3468.0,2108.0,3048.0,4095.0
519005,1655.0,3590.0,4095.0,3914.0,3491.0,2085.0,3036.0,4095.0
519105,1673.0,3571.0,4095.0,3763.0,3474.0,2121.0,3057.0,4095.0
519205,1712.0,3571.0,4095.0,3705.0,3480.0,2120.0,3063.0,4095.0
519305,1637.0,3588.0,4095.0,3776.0,3445.0,2055.0,3087.0,4095.0
519505,1651.0,3540.0,4095.0,3865.0,3495.0,2039.0,3131.0,4095.0
519605,1703.0,3755.0,4095.0,3776.0,3448.0,2006.0,3192.0,4095.0
519705,1536.0,3591.0,4095.0,3773.0,3440.0,1991.0,3174.0,4095.0
519805,1328.0,3727.0,4095.0,3744.0,3471.0,1987.0,3135.0,4095.0
519955,1280.0,3799.0,4095.0,3600.0,3419.0,2007.0,3134.0,4095.0
520055,1223.0,3847.0,4095.0,3646.0,3465.0,1981.0,3147.0,4095.0
520155,1241.0,3840.0,4095.0,3633.0,3477.0,1971.0,3140.0,4095.0
520255,1296.0,3824.0,4095.0,3626.0,3485.0,2016.0,3149.0,4095.0
520355,1307.0,3809.0,4095.0,3611.0,3451.0,2008.0,3127.0,4095.0
520455,1328.0,3800.0,4095.0,3639.0,3473.0,1979.0,3125.0,4095.0
520555,1355.0,3773.0,4095.0,3619.0,3440.0,2029.0,3131.0,4095.0
520655,1383.0,3825.0,4095.0,3644.0,3415.0,2024.0,3111.0,4095.0
520755,1359.0,3757.0,4095.0,3560.0,3455.0,2063.0,3116.0,4095.0
520855,1439.0,3712.0,4095.0,3552.0,3441.0,2025.0,3065.0,4095.0
520955,1431.0,3712.0,4095.0,3555.0,3424.0,2016.0,3105.0,4095.0
521055,1448.0,3720.0,4095.0,3539.0,3483.0,1997.0,3086.0,4095.0
521155,1467.0,3667.0,4088.0,3539.0,3801.0,1982.0,3099.0,4095.0
521255,1529.0,3627.0,4067.0,3706.0,3747.0,1925.0,3077.0,4095.0
521355,1676.0,3593.0,4095.0,3725.0,3368.0,1960.0,3207.0,4095.0
521455,2503.0,3189.0,4095.0,3739.0,3487.0,1938.0,3174.0,4095.0
521555,2575.0,3128.0,4095.0,3875.0,3876.0,1917.0,3257.0,4095.0
521655,2767.0,3195.0,4095.0,3864.0,3239.0,2125.0,3865.0,4095.0
521755,3072.0,3385.0,4095.0,4048.0,3191.0,2109.0,3752.0,4095.0
521855,3288.0,3700.0,4095.0,4095.0,3147.0,2068.0,3637.0,4095.0
521955,3395.0,3597.0,4095.0,4095.0,3216.0,2152.0,3527.0,4095.0
522055,3472.0,3545.0,4095.0,4095.0,3322.0,2389.0,3569.0,3963.0
522155,3339.0,3508.0,4095.0,4095.0,3995.0,2255.0,3409.0,3703.0
522255,3270.0,3463.0,4043.0,4095.0,3987.0,2373.0,3213.0,3250.0
522355,3218.0,3439.0,4015.0,4095.0,4095.0,4095.0,2761.0,2760.0
522455,3156.0,3351.0,3960.0,4095.0,4095.0,4095.0,2672.0,2159.0
522555,3131.0,3309.0,3933.0,4095.0,4095.0,3854.0,2803.0,1817.0
522655,3103.0,3307.0,3991.0,4095.0,4095.0,3723.0,2796.0,1579.0
522755,3113.0,3303.0,3919.0,4095.0,4095.0,3645.0,2833.0,1530.0
522855,3143.0,3308.0,3933.0,4095.0,4095.0,3219.0,2923.0,1512.0
522955,3200.0,3392.0,3988.0,4095.0,4095.0,4095.0,2722.0,1449.0
523055,3351.0,3488.0,4006.0,4095.0,4095.0,3613.0,2845.0,1371.0
523155,3323.0,3429.0,4051.0,4095.0,4095.0,4095.0,2683.0,1384.0
523255,3243.0,3385.0,3968.0,4088.0,4095.0,4095.0,2660.0,1336.0
523355,3201.0,3384.0,3968.0,4055.0,3961.0,2763.0,2999.0,1305.0
523455,3167.0,3380.0,3966.0,4024.0,4029.0,2188.0,3119.0,1298.0
523555,3142.0,3301.0,3921.0,3864.0,4095.0,2088.0,3118.0,1321.0
523655,3127.0,3275.0,3933.0,3935.0,4095.0,2111.0,3159.0,1371.0
523755,3068.0,3273.0,3895.0,3775.0,4095.0,2142.0,3180.0,1440.0
523855,3048.0,3253.0,3916.0,3575.0,3834.0,2185.0,3298.0,1672.0
523955,3072.0,3259.0,3931.0,3431.0,3190.0,2231.0,3709.0,1980.0
524055,2897.0,3101.0,4095.0,2959.0,3472.0,2159.0,3592.0,2351.0
524155,3007.0,3216.0,4095.0,2951.0,3615.0,2144.0,3437.0,2589.0
524255,3016.0,3251.0,4095.0,2480.0,3908.0,2107.0,3355.0,3183.0
524355,2887.0,3120.0,4095.0,1991.0,3672.0,2176.0,3386.0,3453.0
524455,2836.0,3087.0,4095.0,1811.0,3549.0,2216.0,3359.0,3721.0
524555,2731.0,3049.0,4095.0,1631.0,4069.0,2107.0,3306.0,3763.0
524655,2624.0,3259.0,4095.0,1451.0,3656.0,2209.0,3388.0,3746.0
524755,2783.0,3503.0,4095.0,1628.0,3683.0,2176.0,3419.0,3708.0
524855,2787.0,3439.0,4095.0,2592.0,3635.0,2189.0,3401.0,4095.0
524955,2768.0,3424.0,4095.0,2810.0,3357.0,2265.0,3405.0,4095.0
525055,2723.0,3437.0,4095.0,2912.0,3739.0,2167.0,3349.0,4095.0
525155,2655.0,3368.0,4095.0,3024.0,3628.0,2201.0,3337.0,4095.0
525255,2900.0,3436.0,3632.0,3144.0,3540.0,2211.0,3326.0,4095.0
525355,2896.0,3426.0,3606.0,3286.0,3436.0,2232.0,3325.0,4095.0
525455,3207.0,3448.0,3359.0,3392.0,3176.0,2299.0,3353.0,4095.0
525555,3020.0,3479.0,3359.0,3289.0,3164.0,2319.0,3326.0,4095.0
525655,2998.0,3479.0,3327.0,3375.0,3160.0,2323.0,3301.0,4095.0
525755,2987.0,3475.0,3328.0,3251.0,3181.0,2328.0,3290.0,4095.0
526055,3008.0,3504.0,3301.0,3232.0,2980.0,1940.0,3131.0,4095.0
526355,3031.0,3488.0,3313.0,3152.0,3167.0,2320.0,3296.0,4095.0
526455,3023.0,3481.0,3296.0,3099.0,3493.0,2216.0,3272.0,4095.0
526555,3215.0,3663.0,3463.0,3064.0,2904.0,2411.0,3337.0,4095.0
526655,3040.0,3671.0,3479.0,3123.0,3056.0,2377.0,3278.0,4095.0
526755,3099.0,3516.0,3287.0,3223.0,3152.0,2350.0,3248.0,4095.0
526855,3025.0,3443.0,3320.0,3025.0,2924.0,2417.0,3284.0,4095.0
526955,3053.0,3445.0,3267.0,3035.0,2935.0,2417.0,3259.0,4095.0
527055,3061.0,3488.0,3240.0,3143.0,2860.0,2441.0,3283.0,4095.0
527155,3079.0,3522.0,3241.0,3097.0,2873.0,2423.0,3260.0,4095.0
527255,2661.0,3188.0,4095.0,3095.0,2859.0,2429.0,3262.0,4095.0
527355,2636.0,3177.0,4095.0,3031.0,2851.0,2440.0,3259.0,4095.0
527455,2666.0,3237.0,4095.0,3031.0,2855.0,2432.0,3252.0,4095.0
527555,2588.0,3230.0,4095.0,2949.0,2872.0,2420.0,3275.0,4095.0
527655,2536.0,3240.0,4095.0,2779.0,2855.0,2424.0,3299.0,4095.0
527755,2551.0,3191.0,4095.0,2895.0,2848.0,2421.0,3281.0,4095.0
527855,2544.0,3191.0,4095.0,3236.0,2841.0,2425.0,3264.0,4095.0
527955,2639.0,3168.0,4095.0,3611.0,2853.0,2432.0,3261.0,4095.0
528055,2605.0,3167.0,4095.0,3540.0,2831.0,2452.0,3267.0,4095.0
528155,2612.0,3178.0,4095.0,3549.0,2837.0,2441.0,3277.0,4095.0
528255,2606.0,3141.0,4095.0,3568.0,2831.0,2435.0,3274.0,4095.0
528355,2599.0,3249.0,4095.0,3741.0,3043.0,2376.0,3235.0,4095.0
528455,2583.0,3170.0,4095.0,3552.0,2911.0,2421.0,3251.0,4095.0
528555,2603.0,3155.0,4085.0,3512.0,2845.0,2424.0,3272.0,4095.0
528655,2607.0,3155.0,4095.0,3504.0,2851.0,2436.0,3271.0,4095.0
528755,2567.0,3162.0,4095.0,3552.0,2844.0,2432.0,3281.0,4095.0
528855,2520.0,3206.0,4095.0,3553.0,2839.0,2450.0,3263.0,4095.0
528955,2411.0,3239.0,4095.0,3589.0,2843.0,2430.0,3257.0,4095.0
529055,1531.0,3696.0,4095.0,3560.0,3045.0,2380.0,3237.0,4095.0
529155,1673.0,3664.0,4095.0,3504.0,3011.0,2386.0,3248.0,4095.0
529255,1536.0,3767.0,4095.0,3493.0,3020.0,2380.0,3244.0,4095.0
529355,2427.0,3420.0,4095.0,3501.0,2845.0,2419.0,3267.0,4095.0
529455,2373.0,3393.0,4095.0,3520.0,2811.0,2444.0,3282.0,4095.0
529555,2384.0,3410.0,4095.0,3511.0,2829.0,2425.0,3283.0,4095.0
529655,1520.0,3820.0,4095.0,3492.0,2831.0,2429.0,3273.0,4095.0
529755,1509.0,3793.0,4095.0,3488.0,2863.0,2440.0,3249.0,4095.0
529855,1589.0,3791.0,4095.0,3500.0,2824.0,2444.0,3255.0,4095.0
529955,2432.0,3373.0,4095.0,3551.0,2841.0,2432.0,3251.0,4095.0
530055,2417.0,3360.0,4095.0,3676.0,2828.0,2461.0,3249.0,4095.0
530155,2437.0,3379.0,4095.0,3599.0,2840.0,2439.0,3259.0,4095.0
530255,2679.0,3212.0,4095.0,3557.0,2841.0,2451.0,3259.0,4095.0
530405,2611.0,3195.0,4095.0,3544.0,2831.0,2444.0,3256.0,4095.0
530405,2599.0,3175.0,4095.0,3571.0,3020.0,2371.0,3247.0,4095.0
530555,2633.0,3175.0,4095.0,3560.0,2840.0,2440.0,3255.0,4095.0
530655,2579.0,3160.0,4095.0,3569.0,2852.0,2423.0,3257.0,4095.0
530755,2599.0,3175.0,4095.0,3535.0,2869.0,2432.0,3235.0,4095.0
530855,2745.0,3351.0,4028.0,3559.0,2819.0,2461.0,3232.0,4095.0
530955,2528.0,3112.0,4095.0,3697.0,2829.0,2450.0,3229.0,4095.0
531055,2560.0,3175.0,4095.0,3572.0,2824.0,2452.0,3227.0,4095.0
531155,2553.0,3121.0,4095.0,3520.0,2831.0,2444.0,3239.0,4095.0
531255,2602.0,3160.0,4095.0,3531.0,2804.0,2441.0,3243.0,4095.0
531355,2592.0,3167.0,4095.0,3515.0,2821.0,2441.0,3235.0,4095.0
531455,2609.0,3141.0,4095.0,3475.0,2793.0,2455.0,3232.0,4095.0
531555,2512.0,3187.0,4095.0,3499.0,2795.0,2441.0,3240.0,4095.0
531655,2638.0,3253.0,4095.0,3616.0,2812.0,2448.0,3245.0,4095.0
531755,2936.0,3336.0,4095.0,3544.0,2508.0,2042.0,3027.0,4095.0
531855,2864.0,3170.0,4095.0,3552.0,2468.0,1975.0,3292.0,4095.0
531955,2863.0,3158.0,4095.0,3600.0,2447.0,1863.0,3872.0,4095.0
532055,3504.0,3719.0,4095.0,3608.0,2427.0,1867.0,4021.0,4095.0
532155,3905.0,3993.0,4095.0,3248.0,2459.0,1883.0,4095.0,4095.0
532255,3835.0,3913.0,4095.0,2101.0,2571.0,1905.0,4095.0,4095.0
532355,3568.0,3668.0,4095.0,1324.0,2505.0,1889.0,4095.0,4095.0
532455,3907.0,3852.0,4095.0,1814.0,2609.0,1900.0,4095.0,4070.0
532555,4095.0,4091.0,4095.0,2661.0,2892.0,2245.0,4068.0,3792.0
532655,1509.0,4095.0,4095.0,2640.0,2937.0,2280.0,3951.0,3623.0
532755,604.0,4095.0,4095.0,1408.0,3179.0,2184.0,4076.0,3535.0
532855,1825.0,4095.0,4095.0,736.0,3627.0,2063.0,4095.0,3172.0
532955,2089.0,4095.0,4095.0,432.0,3909.0,1807.0,4095.0,3254.0
533055,2583.0,4095.0,4095.0,277.0,3896.0,1895.0,4095.0,3095.0
533155,2741.0,4085.0,4095.0,267.0,3770.0,1944.0,4095.0,2919.0
533255,2681.0,4073.0,4095.0,254.0,4095.0,1981.0,4095.0,2856.0
533355,2745.0,4037.0,4095.0,295.0,3447.0,2116.0,4095.0,2557.0
533455,2745.0,4095.0,4095.0,336.0,3408.0,2095.0,4095.0,2413.0
533555,2679.0,4095.0,4095.0,336.0,3368.0,2071.0,4095.0,2334.0
533655,4063.0,4000.0,3887.0,382.0,3356.0,2015.0,4095.0,2352.0
533755,3289.0,3463.0,2961.0,429.0,3333.0,2001.0,4095.0,2335.0
533855,3210.0,3416.0,2859.0,497.0,3336.0,1995.0,4095.0,2371.0
533955,3161.0,3351.0,2798.0,527.0,3285.0,2024.0,4095.0,2357.0
534055,2767.0,3203.0,2551.0,531.0,3255.0,2016.0,4095.0,2464.0
534155,3633.0,4095.0,3491.0,571.0,3240.0,2023.0,4095.0,2488.0
534255,3243.0,3644.0,3200.0,663.0,3223.0,2016.0,4095.0,2523.0
534355,3223.0,3799.0,3109.0,1597.0,3400.0,1868.0,4095.0,2515.0
534655,4095.0,4095.0,4095.0,2131.0,3236.0,2200.0,4095.0,2577.0
534755,4095.0,4095.0,3932.0,2268.0,3467.0,2150.0,4095.0,2681.0
534955,4044.0,3871.0,3648.0,2624.0,3623.0,2120.0,4095.0,2700.0
535105,3507.0,3536.0,2915.0,1950.0,3492.0,1891.0,4095.0,2659.0
535255,4095.0,4095.0,3389.0,2208.0,3645.0,1815.0,4095.0,2633.0
535355,4095.0,4095.0,3722.0,2200.0,3576.0,1863.0,4095.0,2613.0
535505,4095.0,4095.0,3832.0,2809.0,3432.0,1853.0,4095.0,2547.0
535605,4095.0,4095.0,3303.0,3815.0,3264.0,1863.0,4095.0,2472.0
535705,4095.0,4095.0,3489.0,3951.0,3231.0,2191.0,4095.0,2455.0
535805,4095.0,4095.0,4073.0,4035.0,3113.0,2216.0,4095.0,2537.0
535905,4095.0,4095.0,3768.0,3947.0,3038.0,2245.0,4095.0,2793.0
536005,4095.0,4095.0,3920.0,3768.0,3079.0,2243.0,4095.0,3392.0
536105,4095.0,4095.0,4068.0,3760.0,3149.0,2313.0,3715.0,3832.0
536205,4095.0,4095.0,3808.0,3023.0,3617.0,2250.0,3491.0,4095.0
536305,4027.0,4095.0,3319.0,2323.0,4095.0,2180.0,3385.0,4095.0
536405,3991.0,3996.0,3315.0,1556.0,4095.0,2296.0,3363.0,4095.0
536505,4095.0,4095.0,3440.0,1528.0,4095.0,2259.0,3418.0,4095.0
536605,4095.0,4095.0,3688.0,1615.0,4095.0,2197.0,3488.0,4095.0
536705,4095.0,4095.0,3685.0,1829.0,3859.0,2309.0,3476.0,4095.0
536805,4095.0,4095.0,3630.0,2367.0,4095.0,2117.0,3480.0,4095.0
536905,4095.0,4095.0,3756.0,2432.0,3839.0,2233.0,3388.0,4095.0
537005,4080.0,4095.0,3884.0,2400.0,4095.0,2092.0,3277.0,4095.0
537155,4095.0,4095.0,3659.0,1721.0,4095.0,2117.0,3298.0,4095.0
537255,4000.0,4075.0,4095.0,1416.0,4061.0,2196.0,3335.0,4095.0
537355,4095.0,4095.0,4095.0,1430.0,4057.0,2232.0,3328.0,4095.0
537455,4095.0,4095.0,4095.0,1432.0,3973.0,2215.0,3340.0,4095.0
537555,4095.0,4095.0,3723.0,1671.0,3954.0,2201.0,3328.0,4095.0
537655,4095.0,4095.0,3576.0,2029.0,3941.0,2173.0,3337.0,4095.0
537755,4095.0,4095.0,3547.0,2183.0,3971.0,2136.0,3328.0,4095.0
537855,4095.0,4095.0,3505.0,2143.0,4095.0,2016.0,3267.0,4095.0
537955,4095.0,4095.0,3482.0,2411.0,4095.0,2056.0,3271.0,4095.0
538055,4095.0,4095.0,3469.0,2403.0,3833.0,2150.0,3361.0,4095.0
538155,4095.0,4095.0,3435.0,2519.0,3707.0,2148.0,3425.0,4095.0
538255,4095.0,4095.0,3471.0,2447.0,3707.0,2147.0,3385.0,4095.0
538355,4095.0,4095.0,3448.0,2449.0,3600.0,2171.0,3381.0,4095.0
538455,4095.0,4095.0,3432.0,2391.0,3461.0,2236.0,3400.0,4095.0
538555,4077.0,4095.0,3461.0,2359.0,3536.0,2208.0,3327.0,4095.0
538655,4091.0,4095.0,3450.0,2327.0,3523.0,2211.0,3319.0,4095.0
538755,4095.0,4095.0,3451.0,2399.0,3472.0,2223.0,3352.0,4095.0
538855,4095.0,4095.0,3463.0,2660.0,3360.0,2227.0,3500.0,4095.0
538955,4095.0,4095.0,3467.0,2769.0,3354.0,2200.0,3687.0,4095.0
539055,4095.0,4095.0,3407.0,2704.0,3374.0,2192.0,3696.0,4095.0
539155,4095.0,4095.0,3461.0,2620.0,3464.0,2192.0,3565.0,4095.0
539255,4095.0,4095.0,3639.0,2599.0,3605.0,2156.0,3436.0,4095.0
539355,4095.0,4095.0,3568.0,2679.0,3543.0,2179.0,3437.0,4095.0
539455,4095.0,4095.0,3679.0,2543.0,3464.0,2200.0,3440.0,4095.0
539555,4095.0,4095.0,3451.0,2543.0,3404.0,2221.0,3451.0,4095.0
539655,4093.0,4095.0,3472.0,2479.0,3409.0,2233.0,3432.0,4095.0
539755,4095.0,4095.0,3451.0,2597.0,3401.0,2232.0,3406.0,4095.0
539855,4087.0,4095.0,3464.0,2647.0,3403.0,2236.0,3384.0,4095.0
539955,4059.0,4095.0,3441.0,2649.0,3141.0,2329.0,3425.0,4095.0
540055,4095.0,4095.0,3428.0,2679.0,3133.0,2316.0,3399.0,4095.0
540155,4060.0,4092.0,3395.0,2711.0,3147.0,2328.0,3411.0,4095.0
540255,4035.0,4094.0,3447.0,2711.0,3145.0,2325.0,3397.0,4095.0
540355,4072.0,4095.0,3411.0,2681.0,3159.0,2331.0,3375.0,4095.0
540455,4053.0,4093.0,3427.0,2645.0,3155.0,2344.0,3354.0,4095.0
540555,4041.0,4095.0,3379.0,2981.0,3136.0,2343.0,3351.0,4095.0
540655,4095.0,4086.0,3459.0,2992.0,3152.0,2348.0,3368.0,4095.0
540755,4095.0,4095.0,3409.0,2997.0,3139.0,2342.0,3355.0,4095.0
540855,4064.0,4095.0,3387.0,2951.0,3149.0,2344.0,3364.0,4095.0
540955,4065.0,4095.0,3528.0,3073.0,3158.0,2348.0,3376.0,4095.0
541055,4067.0,4095.0,3423.0,2682.0,3144.0,2362.0,3356.0,4095.0
541155,4060.0,4091.0,3404.0,2681.0,3144.0,2345.0,3356.0,4095.0
541255,4077.0,4095.0,3406.0,2656.0,3136.0,2350.0,3347.0,4095.0
541355,4041.0,4095.0,3371.0,2641.0,3141.0,2349.0,3339.0,4095.0
541455,4095.0,4030.0,3383.0,2682.0,3160.0,2343.0,3351.0,4095.0
541555,4079.0,4095.0,3427.0,2704.0,3139.0,2347.0,3349.0,4095.0
541655,4037.0,4094.0,3371.0,2739.0,3144.0,2363.0,3346.0,4095.0
541755,3984.0,4095.0,3591.0,2811.0,3152.0,2359.0,3344.0,4095.0
541855,4041.0,4085.0,3375.0,2747.0,3136.0,2356.0,3328.0,4095.0
541955,4075.0,4089.0,3387.0,2728.0,3125.0,2360.0,3321.0,4095.0
542055,4064.0,4095.0,3388.0,2703.0,3143.0,2353.0,3339.0,4095.0
542155,4060.0,4095.0,3386.0,2629.0,3139.0,2361.0,3333.0,4095.0
542255,4062.0,4087.0,3376.0,2601.0,3127.0,2358.0,3315.0,4095.0
542355,4013.0,4061.0,3356.0,2625.0,3132.0,2364.0,3331.0,4095.0
542455,4041.0,4075.0,3401.0,2592.0,3155.0,2355.0,3353.0,4095.0
542555,4015.0,4095.0,3478.0,2735.0,3123.0,2356.0,3311.0,4095.0
542655,4003.0,4075.0,3333.0,2599.0,3134.0,2360.0,3312.0,4095.0
542755,3999.0,4076.0,3345.0,2598.0,3128.0,2352.0,3312.0,4095.0
542855,4067.0,4063.0,3395.0,2710.0,3119.0,2361.0,3321.0,4095.0
542955,4063.0,4075.0,3403.0,2728.0,3111.0,2345.0,3333.0,4095.0
543055,4016.0,4089.0,3368.0,2707.0,3107.0,2357.0,3339.0,4095.0
543155,4039.0,4080.0,3411.0,2675.0,3119.0,2339.0,3371.0,4095.0
543255,3998.0,4095.0,3619.0,2739.0,3126.0,2352.0,3356.0,4095.0
543355,4087.0,4060.0,3416.0,2677.0,3097.0,2352.0,3355.0,4095.0
543455,4032.0,4088.0,3377.0,2663.0,3121.0,2359.0,3352.0,4095.0
543555,3944.0,4095.0,3399.0,2752.0,3112.0,2357.0,3339.0,4095.0
543655,4095.0,4095.0,3296.0,2832.0,3128.0,2350.0,3343.0,4095.0
543755,3999.0,4095.0,3591.0,2799.0,3112.0,2360.0,3322.0,4095.0
543855,4040.0,4079.0,3378.0,2711.0,3127.0,2358.0,3331.0,4095.0
543955,4028.0,4080.0,3370.0,2715.0,3109.0,2358.0,3305.0,4095.0
544055,3999.0,4051.0,3347.0,2708.0,3155.0,2356.0,3333.0,4095.0
544155,4011.0,4087.0,3360.0,2707.0,3364.0,2290.0,3282.0,4095.0
544255,4007.0,4039.0,3349.0,2711.0,3363.0,2293.0,3259.0,4095.0
544355,4063.0,4063.0,3363.0,2696.0,3375.0,2309.0,3268.0,4095.0
544455,4001.0,4052.0,3399.0,2692.0,3372.0,2293.0,3264.0,4095.0
544555,4027.0,4095.0,3467.0,2624.0,3373.0,2285.0,3281.0,4095.0
544655,4095.0,4088.0,3480.0,2700.0,3411.0,2291.0,3275.0,4095.0
544755,4095.0,4095.0,3533.0,2624.0,3384.0,2291.0,3264.0,4095.0
544855,4091.0,4095.0,3512.0,2561.0,3401.0,2285.0,3287.0,4095.0
545005,4052.0,4095.0,3415.0,2584.0,3376.0,2279.0,3273.0,4095.0
545155,4032.0,4055.0,3407.0,2591.0,3367.0,2286.0,3262.0,4095.0
545255,4027.0,4091.0,3423.0,2665.0,3376.0,2288.0,3264.0,4095.0
545355,4017.0,4095.0,3383.0,2643.0,3379.0,2300.0,3270.0,4095.0
545455,4003.0,4057.0,3371.0,2661.0,3369.0,2286.0,3261.0,4095.0
545655,4025.0,4095.0,3385.0,2608.0,3379.0,2295.0,3271.0,4095.0
545805,4095.0,4095.0,3543.0,2585.0,3377.0,2299.0,3289.0,4095.0
545905,4003.0,4065.0,3399.0,2606.0,3368.0,2284.0,3249.0,4095.0
546055,4021.0,4064.0,3357.0,2606.0,3388.0,2299.0,3261.0,4095.0
546155,4035.0,4041.0,3380.0,2587.0,3371.0,2284.0,3249.0,4095.0
546255,4016.0,4082.0,3360.0,2627.0,3384.0,2283.0,3255.0,4095.0
546355,4026.0,4060.0,3371.0,2665.0,3411.0,2287.0,3271.0,4095.0
546455,4001.0,4083.0,3367.0,2748.0,3443.0,2281.0,3255.0,4095.0
546555,4027.0,4063.0,3400.0,2855.0,3485.0,2267.0,3255.0,4095.0
546655,4040.0,4095.0,3415.0,2792.0,3503.0,2250.0,3233.0,4095.0
546755,4047.0,4063.0,3415.0,2712.0,3524.0,2248.0,3247.0,4095.0
546855,4037.0,4055.0,3369.0,2504.0,3555.0,2240.0,3273.0,4095.0
546955,4031.0,4045.0,3383.0,2543.0,3568.0,2231.0,3238.0,4095.0
547055,4043.0,4084.0,3401.0,2521.0,3685.0,2210.0,3227.0,4095.0
547155,4079.0,4080.0,3439.0,2507.0,3912.0,2173.0,3219.0,4095.0
547255,4076.0,4095.0,3452.0,2521.0,4015.0,2139.0,3192.0,4095.0
547355,4055.0,4095.0,3491.0,2496.0,3960.0,2150.0,3187.0,4095.0
547455,4060.0,4080.0,3427.0,2515.0,3833.0,2176.0,3212.0,4095.0
547555,4071.0,4087.0,3401.0,2605.0,3739.0,2200.0,3221.0,4095.0
547655,4048.0,4055.0,3383.0,2587.0,3467.0,2271.0,3249.0,4095.0
547755,3992.0,4055.0,3578.0,2783.0,3465.0,2277.0,3241.0,4095.0
547855,4075.0,4095.0,3500.0,2799.0,3446.0,2273.0,3223.0,4095.0
547955,3984.0,4095.0,3607.0,2719.0,3447.0,2273.0,3221.0,4095.0
548055,4095.0,4080.0,3344.0,2648.0,3447.0,2280.0,3223.0,4095.0
548155,4069.0,4040.0,3423.0,2614.0,3449.0,2289.0,3227.0,4095.0
548255,4019.0,4092.0,3385.0,2612.0,3447.0,2297.0,3223.0,4095.0
548355,4054.0,4072.0,3387.0,2595.0,3475.0,2307.0,3237.0,4095.0
548455,4048.0,4041.0,3385.0,2591.0,3373.0,2298.0,3219.0,4095.0
548555,4065.0,4082.0,3407.0,2608.0,3350.0,2301.0,3236.0,4095.0
548655,4032.0,4037.0,3383.0,2569.0,3351.0,2311.0,3246.0,4095.0
548755,4055.0,4095.0,3390.0,2565.0,3347.0,2327.0,3245.0,4095.0
548855,4032.0,4064.0,3382.0,2575.0,3321.0,2312.0,3227.0,4095.0
548955,4027.0,4055.0,3379.0,2588.0,3320.0,2316.0,3232.0,4095.0
549055,4035.0,4071.0,3429.0,2584.0,3320.0,2316.0,3228.0,4095.0
549155,4049.0,4047.0,3407.0,2566.0,3327.0,2311.0,3227.0,4095.0
549255,4015.0,4035.0,3373.0,2583.0,3322.0,2320.0,3220.0,4095.0
549355,4032.0,4072.0,3375.0,2549.0,3333.0,2325.0,3224.0,4095.0
549455,4029.0,4047.0,3376.0,2527.0,3320.0,2329.0,3222.0,4095.0
549555,4041.0,4043.0,3375.0,2516.0,3337.0,2312.0,3239.0,4095.0
549655,4049.0,4052.0,3386.0,2491.0,3309.0,2321.0,3229.0,4095.0
549755,4057.0,4072.0,3404.0,2464.0,3300.0,2318.0,3240.0,4095.0
549855,4032.0,4050.0,3391.0,2537.0,3279.0,2316.0,3256.0,4095.0
549955,4052.0,4049.0,3383.0,2560.0,3259.0,2315.0,3271.0,4095.0
550055,4000.0,4095.0,3575.0,2615.0,3249.0,2318.0,3275.0,4095.0
550155,4083.0,4077.0,3427.0,2639.0,3275.0,2296.0,3323.0,4095.0
550255,4095.0,4095.0,3517.0,2607.0,3268.0,2285.0,3357.0,4095.0
550355,4075.0,4075.0,3523.0,2448.0,3277.0,2290.0,3385.0,4095.0
550455,4063.0,4091.0,3585.0,2505.0,3321.0,2281.0,3383.0,4095.0
550555,4095.0,4095.0,3504.0,2343.0,3397.0,2277.0,3377.0,4095.0
550655,4095.0,4095.0,3496.0,2423.0,3551.0,2263.0,3377.0,4095.0
550755,4095.0,4095.0,3749.0,2309.0,3553.0,2234.0,3447.0,4095.0
550855,4095.0,4095.0,4088.0,2424.0,3561.0,2200.0,3625.0,4095.0
550955,4095.0,4095.0,3872.0,2724.0,3561.0,2188.0,3663.0,4095.0
551055,4016.0,4080.0,3768.0,3184.0,3617.0,2183.0,3651.0,4095.0
551155,3996.0,4064.0,3728.0,3335.0,3645.0,2200.0,3622.0,4095.0
551255,3891.0,3943.0,3551.0,3440.0,3632.0,2183.0,3737.0,4095.0
551355,3948.0,4027.0,3616.0,3385.0,3556.0,2144.0,3987.0,4095.0
551455,4000.0,4072.0,3672.0,3434.0,3563.0,2147.0,4057.0,4095.0
551555,3571.0,3624.0,3278.0,3497.0,3551.0,2131.0,4064.0,4095.0
551655,4068.0,4095.0,3708.0,3368.0,3568.0,2144.0,4079.0,4095.0
551755,3591.0,3623.0,3312.0,3395.0,3566.0,2174.0,4010.0,4095.0
551855,4016.0,4073.0,3896.0,3296.0,3575.0,2165.0,3965.0,4095.0
551955,4095.0,4095.0,3811.0,3283.0,3607.0,2155.0,3980.0,4095.0
552055,4095.0,4095.0,3820.0,3183.0,3667.0,2141.0,3949.0,4095.0
552155,4095.0,4095.0,3843.0,3224.0,3631.0,2145.0,3965.0,4095.0
552255,4095.0,4095.0,3808.0,3296.0,3630.0,2136.0,3979.0,4095.0
552355,4095.0,4095.0,3808.0,3359.0,3611.0,2152.0,3899.0,4095.0
552455,4095.0,4095.0,3808.0,3312.0,3609.0,2145.0,3918.0,4095.0
552555,4095.0,4095.0,3936.0,3319.0,3665.0,2157.0,3927.0,4095.0
552655,4095.0,4095.0,3950.0,3247.0,3635.0,2158.0,3920.0,4095.0
552755,4095.0,4095.0,3800.0,3193.0,3608.0,2144.0,3961.0,4095.0
552855,4095.0,4095.0,3808.0,3179.0,3637.0,2153.0,3927.0,4095.0
552955,4095.0,4095.0,3785.0,3184.0,3611.0,2158.0,3891.0,4095.0
553055,4095.0,4095.0,3783.0,3219.0,3608.0,2152.0,3897.0,4095.0
553155,4095.0,4095.0,3804.0,3192.0,3611.0,2152.0,3861.0,4095.0
553255,4095.0,4095.0,3808.0,3151.0,3619.0,2158.0,3859.0,4095.0
553355,4095.0,4095.0,3847.0,3195.0,3592.0,2163.0,3861.0,4095.0
553455,4095.0,4095.0,3800.0,3200.0,3609.0,2160.0,3839.0,4095.0
553555,4095.0,4095.0,3792.0,3160.0,3613.0,2156.0,3860.0,4095.0
553655,4095.0,4095.0,3864.0,3191.0,3623.0,2171.0,3868.0,4095.0
553755,4095.0,4095.0,3851.0,3191.0,3608.0,2154.0,3874.0,4095.0
553855,4095.0,4095.0,3802.0,3200.0,3608.0,2173.0,3851.0,4095.0
553955,4095.0,4095.0,3808.0,3193.0,3600.0,2155.0,3889.0,4095.0
554055,4095.0,4095.0,3792.0,3168.0,3605.0,2147.0,3868.0,4095.0
554155,4095.0,4095.0,3840.0,3169.0,3608.0,2156.0,3890.0,4095.0
554255,4095.0,4095.0,3792.0,3208.0,3613.0,2169.0,3863.0,4095.0
554355,4095.0,4095.0,3776.0,3206.0,3604.0,2156.0,3849.0,4095.0
554455,4095.0,4095.0,3849.0,3177.0,3608.0,2167.0,3857.0,4095.0
554555,4095.0,4095.0,3991.0,3318.0,3599.0,2156.0,3867.0,4095.0
554655,4095.0,4095.0,3787.0,3184.0,3595.0,2147.0,3875.0,4095.0
554755,4085.0,4095.0,3832.0,3215.0,3618.0,2163.0,3859.0,4095.0
554855,4083.0,4095.0,3768.0,3286.0,3629.0,2157.0,3864.0,4095.0
554955,4095.0,4095.0,3744.0,3194.0,3623.0,2153.0,3864.0,4095.0
555055,4095.0,4095.0,3760.0,3180.0,3583.0,2145.0,3873.0,4095.0
555155,4095.0,4095.0,3975.0,3320.0,3579.0,2147.0,3871.0,4095.0
555255,4095.0,4095.0,3800.0,3169.0,3593.0,2152.0,3875.0,4095.0
555355,4095.0,4095.0,3799.0,3167.0,3603.0,2152.0,3836.0,4095.0
555455,4095.0,4095.0,3821.0,3168.0,3587.0,2149.0,3864.0,4095.0
555555,4095.0,4095.0,3760.0,3184.0,3629.0,2167.0,3852.0,4095.0
555655,4095.0,4095.0,3680.0,3126.0,3585.0,2143.0,3864.0,4095.0
555755,4051.0,4095.0,3744.0,3167.0,3607.0,2158.0,3860.0,4095.0
555855,4095.0,4095.0,3744.0,3226.0,3613.0,2155.0,3856.0,4095.0
555955,4095.0,4095.0,3752.0,3215.0,3603.0,2158.0,3869.0,4095.0
556055,4095.0,4095.0,3795.0,3192.0,3614.0,2145.0,3864.0,4095.0
556155,4095.0,4095.0,3744.0,3195.0,3628.0,2167.0,3833.0,4095.0
556255,4095.0,4095.0,3744.0,3203.0,3628.0,2165.0,3848.0,4095.0
556355,4095.0,4095.0,3746.0,3287.0,3611.0,2165.0,3839.0,4095.0
556455,4095.0,4095.0,3755.0,3192.0,3598.0,2152.0,3869.0,4095.0
556555,4093.0,4095.0,3708.0,3206.0,3607.0,2157.0,3843.0,4095.0
556655,4095.0,4095.0,3736.0,3215.0,3614.0,2149.0,3840.0,4095.0
556755,4095.0,4095.0,3740.0,3280.0,3625.0,2163.0,3848.0,4095.0
556855,4064.0,4095.0,3696.0,3253.0,3631.0,2152.0,3856.0,4095.0
556955,4072.0,4095.0,3746.0,3232.0,3612.0,2151.0,3859.0,4095.0
557055,4064.0,4095.0,3739.0,3232.0,3619.0,2172.0,3851.0,4095.0
557155,4071.0,4095.0,3696.0,3247.0,3604.0,2156.0,3847.0,4095.0
557255,4095.0,4095.0,3709.0,3169.0,3592.0,2155.0,3867.0,4095.0
557355,4049.0,4095.0,3708.0,3152.0,3571.0,2152.0,3854.0,4095.0
557455,4091.0,4095.0,3696.0,3159.0,3581.0,2161.0,3845.0,4095.0
557555,4077.0,4095.0,3747.0,3136.0,3592.0,2152.0,3848.0,4095.0
557655,4095.0,4095.0,3705.0,3163.0,3609.0,2146.0,3823.0,4095.0
557755,4095.0,4095.0,3723.0,3155.0,3612.0,2168.0,3825.0,4095.0
557855,4095.0,4095.0,3725.0,3113.0,3590.0,2153.0,3836.0,4095.0
557955,4065.0,4095.0,3760.0,3120.0,3629.0,2152.0,3816.0,4095.0
558055,4095.0,4095.0,3696.0,3273.0,3591.0,2156.0,3828.0,4095.0
558155,4056.0,4095.0,3847.0,3415.0,3611.0,2167.0,3803.0,4095.0
558255,4095.0,4095.0,3822.0,3169.0,3631.0,2151.0,3816.0,4095.0
558355,4095.0,4095.0,3702.0,3137.0,3587.0,2151.0,3807.0,4095.0
558455,4064.0,4095.0,3696.0,3249.0,3596.0,2156.0,3843.0,4095.0
558555,4063.0,4095.0,3715.0,3261.0,3620.0,2160.0,3799.0,4095.0
558655,4095.0,4095.0,3692.0,3251.0,3592.0,2151.0,3814.0,4095.0
558755,4059.0,4095.0,3747.0,3228.0,3603.0,2156.0,3793.0,4095.0
558855,4080.0,4095.0,3744.0,3228.0,3627.0,2164.0,3807.0,4095.0
558955,4043.0,4095.0,3680.0,3155.0,3630.0,2173.0,3800.0,4095.0
559055,4072.0,4095.0,3696.0,3152.0,3589.0,2152.0,3803.0,4095.0
559155,4074.0,4095.0,3704.0,3146.0,3607.0,2163.0,3797.0,4095.0
559255,4095.0,4095.0,3708.0,3127.0,3602.0,2156.0,3809.0,4095.0
559355,4064.0,4095.0,3708.0,3180.0,3617.0,2154.0,3804.0,4095.0
559455,4071.0,4095.0,3691.0,3125.0,3596.0,2149.0,3814.0,4095.0
559555,4043.0,4095.0,3728.0,3136.0,3607.0,2157.0,3801.0,4095.0
559655,4064.0,4095.0,3712.0,3104.0,3623.0,2171.0,3808.0,4095.0
559755,4064.0,4095.0,3767.0,3150.0,3613.0,2147.0,3800.0,4095.0
559855,4051.0,4095.0,3708.0,3087.0,3605.0,2152.0,3807.0,4095.0
559955,4064.0,4095.0,3708.0,3077.0,3621.0,2157.0,3804.0,4095.0
560055,4072.0,4095.0,3696.0,3087.0,3592.0,2169.0,3801.0,4095.0
560155,4004.0,4094.0,3683.0,3087.0,3593.0,2155.0,3800.0,4095.0
560255,4030.0,4091.0,3676.0,3095.0,3585.0,2145.0,3787.0,4095.0
560355,4095.0,4095.0,3632.0,3004.0,3596.0,2156.0,3810.0,4095.0
560455,4032.0,4078.0,3696.0,3015.0,3611.0,2161.0,3784.0,4095.0
560555,4024.0,4063.0,3672.0,3104.0,3592.0,2152.0,3809.0,4095.0
560655,4008.0,4063.0,3711.0,3129.0,3592.0,2152.0,3825.0,4095.0
560755,4056.0,4087.0,3663.0,3095.0,3594.0,2151.0,3811.0,4095.0
560855,4048.0,4055.0,3676.0,3059.0,3611.0,2143.0,3808.0,4095.0
560955,3997.0,4067.0,3705.0,3048.0,3608.0,2157.0,3807.0,4095.0
561055,4095.0,4095.0,3604.0,3020.0,3593.0,2148.0,3809.0,4095.0
561155,4032.0,4095.0,3680.0,3120.0,3607.0,2152.0,3812.0,4095.0
561255,4060.0,4093.0,3696.0,2997.0,3592.0,2148.0,3817.0,4095.0
561355,3986.0,4091.0,3679.0,3013.0,3594.0,2157.0,3797.0,4095.0
561455,4075.0,4080.0,3668.0,2975.0,3611.0,2156.0,3804.0,4095.0
561555,4064.0,4095.0,3767.0,2967.0,3551.0,2165.0,3797.0,4095.0
561655,4064.0,4095.0,3768.0,2960.0,3467.0,1927.0,3725.0,4095.0
561755,4017.0,4089.0,3744.0,2951.0,3424.0,1824.0,3741.0,4095.0
561855,4001.0,4072.0,3742.0,2967.0,3536.0,2144.0,3898.0,4095.0
561955,3971.0,4035.0,3632.0,2948.0,3560.0,2150.0,3836.0,4095.0
562055,4095.0,4080.0,3652.0,2944.0,3566.0,2163.0,3859.0,4095.0
562155,4016.0,4095.0,3648.0,2960.0,3556.0,2159.0,3858.0,4095.0
562255,3992.0,4064.0,3660.0,2952.0,3561.0,2181.0,3799.0,4095.0
562355,4044.0,4077.0,3652.0,2933.0,3546.0,2156.0,3831.0,4095.0
562455,4063.0,4095.0,3848.0,3089.0,3589.0,2167.0,3832.0,4095.0
562555,4016.0,4067.0,3648.0,2915.0,3563.0,2159.0,3833.0,4095.0
562655,4043.0,4080.0,3710.0,2940.0,3617.0,2152.0,3816.0,4095.0
562755,4016.0,4095.0,3648.0,2928.0,3592.0,2156.0,3801.0,4095.0
562855,4095.0,4095.0,3612.0,2911.0,3581.0,2157.0,3809.0,4095.0
562955,4005.0,4095.0,3659.0,2912.0,3573.0,2154.0,3843.0,4095.0
563055,3956.0,4029.0,3859.0,3103.0,3564.0,2155.0,3823.0,4095.0
563155,4045.0,4059.0,3633.0,2947.0,3596.0,2151.0,3824.0,4095.0
563255,4000.0,4063.0,3644.0,2935.0,3576.0,2160.0,3832.0,4095.0
563355,4047.0,4095.0,3648.0,2949.0,3568.0,2157.0,3825.0,4095.0
563455,4000.0,4083.0,3648.0,2901.0,3569.0,2156.0,3823.0,4095.0
563555,4020.0,4077.0,3664.0,2925.0,3577.0,2183.0,3812.0,4095.0
563655,4012.0,4084.0,3648.0,2920.0,3579.0,2160.0,3809.0,4095.0
563755,4000.0,4064.0,3664.0,2952.0,3576.0,2163.0,3817.0,4095.0
563855,3731.0,3781.0,3384.0,2907.0,3560.0,2169.0,3811.0,4095.0
563955,4076.0,4095.0,3712.0,2920.0,3564.0,2152.0,3827.0,4095.0
564055,4089.0,4095.0,3691.0,2928.0,3563.0,2156.0,3827.0,4095.0
564155,3920.0,3977.0,3619.0,2912.0,3563.0,2158.0,3832.0,4095.0
564255,3847.0,3886.0,3584.0,2912.0,3595.0,2168.0,3808.0,4095.0
564355,3776.0,3823.0,3456.0,2911.0,3591.0,2163.0,3808.0,4095.0
564455,3935.0,3968.0,3568.0,2921.0,3551.0,2157.0,3820.0,4095.0
564555,3986.0,4091.0,3875.0,3087.0,3578.0,2149.0,3823.0,4095.0
564655,3979.0,4047.0,3648.0,2934.0,3576.0,2160.0,3821.0,4095.0
564755,3995.0,4064.0,3648.0,2935.0,3551.0,2151.0,3811.0,4095.0
564855,4000.0,4055.0,3680.0,2928.0,3555.0,2155.0,3811.0,4095.0
564955,4000.0,4039.0,3664.0,2931.0,3550.0,2160.0,3823.0,4095.0
565055,4031.0,4084.0,3673.0,2906.0,3585.0,2155.0,3803.0,4095.0
565155,4000.0,4055.0,3648.0,2928.0,3557.0,2173.0,3806.0,4095.0
565255,4011.0,4095.0,3680.0,2924.0,3573.0,2167.0,3799.0,4095.0
565355,4002.0,4069.0,3704.0,2923.0,3549.0,2155.0,3817.0,4095.0
565455,3999.0,4095.0,3676.0,2912.0,3549.0,2155.0,3813.0,4095.0
565555,4045.0,4092.0,3736.0,2907.0,3563.0,2161.0,3793.0,4095.0
565655,4003.0,4072.0,3680.0,2924.0,3552.0,2157.0,3813.0,4095.0
565755,4095.0,4095.0,3679.0,2919.0,3576.0,2157.0,3789.0,4095.0
565855,4016.0,4095.0,3664.0,2933.0,3573.0,2151.0,3791.0,4095.0
565955,4016.0,4095.0,3891.0,3087.0,3547.0,2151.0,3791.0,4095.0
566055,4032.0,4087.0,3680.0,2901.0,3547.0,2155.0,3795.0,4095.0
566155,4048.0,4091.0,3671.0,2916.0,3559.0,2158.0,3799.0,4095.0
566255,4001.0,4095.0,3696.0,2895.0,3564.0,2152.0,3793.0,4095.0
566355,4081.0,4095.0,3834.0,3067.0,3568.0,2160.0,3765.0,4095.0
566555,4065.0,4095.0,3766.0,2916.0,3568.0,2158.0,3781.0,4095.0
566655,4089.0,4095.0,3709.0,2897.0,3568.0,2160.0,3768.0,4095.0
566755,4041.0,4095.0,3696.0,2912.0,3585.0,2163.0,3769.0,4095.0
567055,3994.0,4095.0,3927.0,3111.0,3591.0,2153.0,3776.0,4095.0
567205,3963.0,4095.0,3835.0,3057.0,3565.0,2163.0,3773.0,4095.0
567305,3984.0,4076.0,3681.0,2976.0,3560.0,2163.0,3797.0,4095.0
567405,3974.0,4017.0,3792.0,2896.0,3592.0,2168.0,3791.0,4095.0
567505,4095.0,4095.0,3728.0,3019.0,3577.0,2153.0,3791.0,4095.0
567605,4073.0,4095.0,3656.0,2880.0,3548.0,2149.0,3801.0,4095.0
567705,4048.0,4095.0,3691.0,2867.0,3568.0,2160.0,3783.0,4095.0
567805,4095.0,4095.0,3808.0,3024.0,3551.0,2158.0,3805.0,4095.0
567905,4077.0,4095.0,3700.0,2888.0,3559.0,2156.0,3783.0,4095.0
568005,4085.0,4095.0,3671.0,2858.0,3565.0,2151.0,3773.0,4095.0
568105,4057.0,4095.0,3711.0,2887.0,3551.0,2155.0,3797.0,4095.0
568205,4056.0,4095.0,3824.0,2943.0,3555.0,2151.0,3814.0,4095.0
568305,3968.0,4095.0,3915.0,3095.0,3562.0,2163.0,3801.0,4095.0
568405,4035.0,4095.0,3715.0,2928.0,3568.0,2157.0,3790.0,4095.0
568505,4095.0,4095.0,3660.0,2974.0,3585.0,2164.0,3775.0,4095.0
568605,4052.0,4095.0,3697.0,2891.0,3568.0,2157.0,3769.0,4095.0
568705,4020.0,4095.0,3907.0,3075.0,3568.0,2149.0,3759.0,4095.0
568855,4080.0,4095.0,3734.0,2896.0,3568.0,2156.0,3807.0,4095.0
569005,4043.0,4091.0,3696.0,2925.0,3560.0,2149.0,3771.0,4095.0
569105,4064.0,4093.0,3662.0,2912.0,3607.0,2155.0,3763.0,4095.0
569205,4087.0,4095.0,3891.0,3056.0,3557.0,2152.0,3771.0,4095.0
569305,3968.0,4095.0,3911.0,3097.0,3553.0,2164.0,3772.0,4095.0
569455,4059.0,4095.0,3696.0,2920.0,3603.0,2163.0,3760.0,4095.0
569555,3944.0,4095.0,3887.0,3079.0,3551.0,2162.0,3774.0,4095.0
569655,4095.0,4076.0,3727.0,2919.0,3559.0,2157.0,3759.0,4095.0
569755,4059.0,4087.0,3704.0,2920.0,3559.0,2159.0,3771.0,4095.0
569855,4011.0,4095.0,3719.0,2907.0,3567.0,2162.0,3759.0,4095.0
569955,4071.0,4095.0,3694.0,2933.0,3560.0,2167.0,3803.0,4095.0
570055,4032.0,4094.0,3672.0,2911.0,3604.0,2151.0,3760.0,4095.0
570155,4095.0,4095.0,3650.0,2862.0,3575.0,2153.0,3763.0,4095.0
570255,4077.0,4095.0,3701.0,2916.0,3608.0,2158.0,3756.0,4095.0
570405,4095.0,4095.0,3592.0,2864.0,3576.0,2170.0,3755.0,4095.0
570505,4027.0,4095.0,3679.0,2916.0,3568.0,2172.0,3763.0,4095.0
570655,4027.0,4095.0,3699.0,2913.0,3573.0,2165.0,3760.0,4095.0
570755,4069.0,4095.0,3760.0,2912.0,3552.0,2151.0,3798.0,4095.0
570855,4095.0,4095.0,3744.0,2976.0,3592.0,2153.0,3757.0,4095.0
570955,4095.0,4095.0,3663.0,2871.0,3571.0,2159.0,3759.0,4095.0
571055,4019.0,4095.0,3680.0,2908.0,3596.0,2180.0,3768.0,4095.0
571155,3999.0,4095.0,3887.0,3079.0,3574.0,2155.0,3757.0,4095.0
571255,3982.0,4095.0,3919.0,3079.0,3561.0,2163.0,3755.0,4095.0
571355,4023.0,4095.0,3695.0,2921.0,3425.0,1875.0,3673.0,4095.0
571455,3968.0,4090.0,3919.0,3087.0,3438.0,1892.0,3655.0,4095.0
571555,4048.0,4095.0,3671.0,2891.0,3467.0,1909.0,3681.0,4095.0
571655,4057.0,4095.0,3832.0,2908.0,3424.0,1877.0,3655.0,4095.0
571755,4051.0,4095.0,3728.0,2901.0,3428.0,1866.0,3661.0,4095.0
571855,4040.0,4093.0,3700.0,2895.0,3420.0,1863.0,3671.0,4095.0
571955,3992.0,4095.0,3664.0,2921.0,3421.0,1891.0,3654.0,4095.0
572055,3972.0,4051.0,3673.0,2887.0,3428.0,1888.0,3666.0,4095.0
572155,3949.0,4051.0,3648.0,2908.0,3430.0,1874.0,3666.0,4095.0
572255,4071.0,4095.0,3784.0,3040.0,3424.0,1870.0,3647.0,4095.0
572355,3955.0,4047.0,3683.0,2903.0,3433.0,1874.0,3665.0,4095.0
572455,3959.0,4084.0,3648.0,2895.0,3419.0,1859.0,3645.0,4095.0
572555,4013.0,4045.0,3665.0,2920.0,3437.0,1852.0,3667.0,4095.0
572655,4027.0,4075.0,3668.0,2897.0,3416.0,1846.0,3647.0,4095.0
572755,4019.0,4053.0,3712.0,2915.0,3419.0,1844.0,3648.0,4095.0
572855,3965.0,4076.0,3662.0,2883.0,3420.0,1848.0,3656.0,4095.0
572955,3984.0,4093.0,3648.0,2903.0,3415.0,1847.0,3662.0,4095.0
573055,3999.0,4067.0,3776.0,2896.0,3415.0,1861.0,3654.0,4095.0
573155,3968.0,4057.0,3719.0,2887.0,3423.0,1870.0,3666.0,4095.0
573405,3983.0,4095.0,3863.0,3051.0,3435.0,1871.0,3665.0,4095.0
573605,3999.0,4055.0,3625.0,2897.0,3421.0,1864.0,3655.0,4095.0
573705,3924.0,4045.0,3583.0,2893.0,3420.0,1861.0,3657.0,4095.0
573805,3940.0,4028.0,3742.0,2889.0,3443.0,1868.0,3669.0,4095.0
573905,3911.0,4037.0,3624.0,2896.0,3433.0,1880.0,3668.0,4095.0
574005,3947.0,4011.0,3604.0,2892.0,3409.0,1868.0,3659.0,4095.0
574155,3923.0,4007.0,3639.0,2879.0,3407.0,1863.0,3701.0,4095.0
574255,3921.0,4036.0,3600.0,2896.0,3418.0,1879.0,3693.0,4095.0
574355,4095.0,4032.0,3619.0,2872.0,3440.0,1871.0,3659.0,4095.0
574455,3919.0,4008.0,3640.0,2892.0,3421.0,1869.0,3667.0,4095.0
574555,3856.0,3967.0,3799.0,3051.0,3411.0,1859.0,3667.0,4095.0
574655,3908.0,4016.0,3608.0,2880.0,3424.0,1862.0,3656.0,4095.0
574755,3977.0,4003.0,3680.0,2875.0,3424.0,1874.0,3656.0,4095.0
574855,3959.0,4032.0,3678.0,2911.0,3447.0,1859.0,3676.0,4095.0
574955,4095.0,4032.0,3607.0,2848.0,3411.0,1868.0,3677.0,4095.0
575055,3963.0,4015.0,3589.0,2907.0,3413.0,1861.0,3651.0,4095.0
575155,3943.0,4001.0,3744.0,2880.0,3424.0,1862.0,3663.0,4095.0
575455,3932.0,4041.0,3740.0,2880.0,3444.0,1871.0,3673.0,4095.0
575555,3915.0,3999.0,3637.0,2889.0,3435.0,1865.0,3672.0,4095.0
575705,3921.0,4016.0,3616.0,2889.0,3428.0,1867.0,3671.0,4095.0
576005,3899.0,4030.0,3600.0,2880.0,3432.0,1869.0,3664.0,4095.0
576105,3964.0,3995.0,3696.0,2917.0,3433.0,1865.0,3695.0,4095.0
576205,3932.0,4028.0,3667.0,2887.0,3436.0,1847.0,3659.0,4095.0
576305,3927.0,4032.0,3616.0,2897.0,3421.0,1832.0,3656.0,4095.0
576405,3915.0,4044.0,3616.0,2889.0,3441.0,1847.0,3671.0,4095.0
576505,3909.0,4005.0,3612.0,2871.0,3435.0,1832.0,3663.0,4095.0
576605,3901.0,4032.0,3612.0,2880.0,3427.0,1832.0,3648.0,4095.0
576705,3936.0,4040.0,3616.0,2889.0,3429.0,1832.0,3656.0,4095.0
576905,3919.0,4073.0,3616.0,2875.0,3433.0,1832.0,3659.0,4095.0
577005,4095.0,4048.0,3552.0,2836.0,3418.0,1827.0,3643.0,4095.0
577205,3980.0,4003.0,3680.0,2890.0,3414.0,1821.0,3668.0,4095.0
577305,3928.0,4069.0,3667.0,2904.0,3448.0,1832.0,3656.0,4095.0
577405,3947.0,4028.0,3775.0,2897.0,3436.0,1838.0,3653.0,4095.0
577505,3938.0,4017.0,3632.0,2880.0,3424.0,1818.0,3639.0,4095.0
577605,3935.0,4022.0,3760.0,2880.0,3427.0,1824.0,3645.0,4095.0
577705,3936.0,4025.0,3710.0,2892.0,3438.0,1823.0,3659.0,4095.0
577805,3942.0,4053.0,3616.0,2871.0,3418.0,1824.0,3644.0,4095.0
577905,3927.0,4014.0,3591.0,2871.0,3415.0,1824.0,3635.0,4095.0
578005,3909.0,4032.0,3616.0,2880.0,3417.0,1867.0,3687.0,4095.0
578105,3950.0,4009.0,3644.0,2880.0,3443.0,1865.0,3679.0,4095.0
578205,3963.0,4036.0,3622.0,2885.0,3443.0,1863.0,3657.0,4095.0
578305,3963.0,4017.0,3664.0,2895.0,3426.0,1843.0,3647.0,4095.0
578405,3975.0,4077.0,3615.0,2911.0,3417.0,1862.0,3651.0,4095.0
578505,3932.0,4051.0,3614.0,2944.0,3431.0,1851.0,3665.0,4095.0
578605,3944.0,4029.0,3643.0,2891.0,3424.0,1869.0,3655.0,4095.0
578705,3915.0,4040.0,3612.0,2871.0,3445.0,1861.0,3653.0,4095.0
578805,3964.0,4013.0,3624.0,2903.0,3443.0,1840.0,3655.0,4095.0
578905,3928.0,4015.0,3608.0,2871.0,3419.0,1843.0,3644.0,4095.0
579005,3975.0,4021.0,3660.0,2888.0,3423.0,1840.0,3646.0,4095.0
579105,3947.0,4005.0,3648.0,2936.0,3440.0,1848.0,3645.0,4095.0
579205,3949.0,4005.0,3616.0,2890.0,3401.0,1841.0,3651.0,4095.0
579305,3975.0,4003.0,3628.0,2928.0,3416.0,1848.0,3656.0,4095.0
579405,3928.0,4057.0,3612.0,2907.0,3413.0,1845.0,3642.0,4095.0
579505,3947.0,4024.0,3704.0,2880.0,3403.0,1843.0,3637.0,4095.0
579605,3928.0,4012.0,3608.0,2944.0,3408.0,1855.0,3637.0,4095.0
579705,3936.0,4003.0,3637.0,2895.0,3416.0,1852.0,3648.0,4095.0
579805,3943.0,4015.0,3617.0,2880.0,3410.0,1851.0,3648.0,4095.0
579905,3909.0,4055.0,3608.0,2880.0,3435.0,1879.0,3667.0,4095.0
580005,3920.0,4003.0,3639.0,2905.0,3427.0,1877.0,3665.0,4095.0
580105,3952.0,4017.0,3674.0,2880.0,3412.0,1839.0,3640.0,4095.0
580205,3888.0,4095.0,3815.0,3055.0,3407.0,1835.0,3652.0,4095.0
580305,3928.0,4009.0,3619.0,2897.0,3403.0,1831.0,3639.0,4095.0
580405,3935.0,4032.0,3600.0,2887.0,3392.0,1833.0,3635.0,4095.0
580505,3953.0,4032.0,3664.0,2892.0,3417.0,1831.0,3651.0,4095.0
580605,3928.0,4001.0,3600.0,2887.0,3392.0,1835.0,3639.0,4095.0
580705,3927.0,4032.0,3744.0,2894.0,3405.0,1832.0,3645.0,4095.0
580805,3938.0,4005.0,3604.0,2880.0,3407.0,1829.0,3659.0,4095.0
580905,3953.0,4041.0,3616.0,2889.0,3417.0,1832.0,3653.0,4095.0
581005,3907.0,4047.0,3600.0,2879.0,3400.0,1822.0,3645.0,4095.0
581105,3955.0,4011.0,3680.0,2880.0,3391.0,1823.0,3636.0,4095.0
581205,3856.0,3968.0,3799.0,3055.0,3379.0,1825.0,3643.0,4095.0
581305,3953.0,4044.0,3604.0,2890.0,3419.0,1847.0,3656.0,4095.0
581405,3960.0,4048.0,3619.0,2896.0,3422.0,1852.0,3641.0,4095.0
581505,3900.0,4095.0,3799.0,3055.0,3395.0,1845.0,3661.0,4095.0
581605,3936.0,4012.0,3627.0,2867.0,3400.0,1847.0,3663.0,4095.0
581705,3936.0,4036.0,3600.0,2875.0,3389.0,1859.0,3641.0,4095.0
581805,4056.0,3992.0,3679.0,2915.0,3402.0,1843.0,3648.0,4095.0
581905,3944.0,4007.0,3632.0,2871.0,3389.0,1854.0,3662.0,4095.0
582005,3919.0,4028.0,3624.0,2872.0,3411.0,1860.0,3658.0,4095.0
582105,3936.0,4075.0,3590.0,2893.0,3404.0,1848.0,3639.0,4095.0
582205,4095.0,3996.0,3619.0,2856.0,3411.0,1839.0,3661.0,4095.0
582305,3936.0,4040.0,3600.0,2886.0,3411.0,1853.0,3661.0,4095.0
582405,3985.0,4032.0,3630.0,2907.0,3411.0,1840.0,3659.0,4095.0
582505,3936.0,4029.0,3608.0,2899.0,3390.0,1835.0,3645.0,4095.0
582605,3936.0,4019.0,3627.0,2887.0,3409.0,1859.0,3671.0,4095.0
582705,3945.0,4043.0,3616.0,2868.0,3399.0,1831.0,3675.0,4095.0
582805,4086.0,4000.0,3655.0,2889.0,3392.0,1836.0,3641.0,4095.0
582905,3936.0,4023.0,3744.0,2893.0,3417.0,1831.0,3667.0,4095.0
583005,4095.0,4095.0,3560.0,2840.0,3397.0,1821.0,3668.0,4095.0
583105,3924.0,4050.0,3608.0,2880.0,3387.0,1841.0,3676.0,4095.0
583205,4095.0,4048.0,3570.0,2848.0,3388.0,1832.0,3653.0,4095.0
583305,3947.0,4040.0,3616.0,2895.0,3383.0,1831.0,3653.0,4095.0
583405,4095.0,4095.0,3520.0,2816.0,3381.0,1850.0,3679.0,4095.0
583505,4095.0,4095.0,3520.0,2816.0,3317.0,1835.0,3660.0,4095.0
583605,3897.0,4085.0,3823.0,3047.0,3379.0,1845.0,3653.0,4095.0
583705,3975.0,4029.0,3616.0,2899.0,3398.0,1844.0,3656.0,4095.0
583805,3936.0,4017.0,3611.0,2899.0,3387.0,1837.0,3640.0,4095.0
583905,3944.0,4019.0,3604.0,2867.0,3418.0,1840.0,3640.0,4095.0
584005,3991.0,4021.0,3662.0,2879.0,3392.0,1821.0,3645.0,4095.0
584105,3864.0,4095.0,3825.0,3015.0,3367.0,1816.0,3672.0,4095.0
584205,3925.0,4040.0,3649.0,2880.0,3369.0,1815.0,3668.0,4095.0
584305,3955.0,4013.0,3720.0,2880.0,3379.0,1815.0,3657.0,4095.0
584405,3957.0,4027.0,3591.0,2880.0,3407.0,1819.0,3643.0,4095.0
584505,4095.0,4095.0,3520.0,2848.0,3382.0,1818.0,3648.0,4095.0
584605,3957.0,4007.0,3610.0,2880.0,3385.0,1821.0,3648.0,4095.0
584705,3931.0,4057.0,3616.0,2880.0,3371.0,1815.0,3659.0,4095.0
584805,3902.0,3982.0,3791.0,3031.0,3371.0,1828.0,3665.0,4095.0
584905,3927.0,4027.0,3612.0,2880.0,3384.0,1820.0,3644.0,4095.0
585005,3936.0,4011.0,3604.0,2865.0,3392.0,1819.0,3643.0,4095.0
585105,3936.0,4072.0,3608.0,2880.0,3414.0,1824.0,3641.0,4095.0
585205,3923.0,4023.0,3669.0,2880.0,3376.0,1815.0,3640.0,4095.0
585305,3959.0,4013.0,3632.0,2888.0,3419.0,1820.0,3665.0,4095.0
585405,3944.0,4071.0,3608.0,2872.0,3384.0,1823.0,3640.0,4095.0
585505,3987.0,4027.0,3648.0,2956.0,3385.0,1829.0,3679.0,4095.0
585605,3936.0,4011.0,3728.0,2895.0,3403.0,1829.0,3654.0,4095.0
585705,3948.0,4047.0,3610.0,2873.0,3387.0,1819.0,3664.0,4095.0
585805,3963.0,4017.0,3678.0,2880.0,3392.0,1821.0,3656.0,4095.0
585905,3947.0,4055.0,3632.0,2901.0,3415.0,1815.0,3648.0,4095.0
586005,3955.0,4031.0,3616.0,2895.0,3377.0,1817.0,3635.0,4095.0
586105,3963.0,3988.0,3611.0,2879.0,3401.0,1826.0,3651.0,4095.0
586255,3947.0,4011.0,3591.0,2871.0,3392.0,1817.0,3637.0,4095.0
586355,3917.0,4056.0,3624.0,2880.0,3404.0,1821.0,3643.0,4095.0
586455,3974.0,4003.0,3612.0,2880.0,3423.0,1813.0,3656.0,4095.0
586555,3915.0,4011.0,3639.0,2880.0,3429.0,1819.0,3643.0,4095.0
586805,3919.0,4057.0,3651.0,2867.0,3403.0,1819.0,3665.0,4095.0
587055,3925.0,4023.0,3661.0,2901.0,3384.0,1815.0,3677.0,4095.0
587155,3936.0,4053.0,3600.0,2897.0,3415.0,1815.0,3660.0,4095.0
587255,3921.0,4019.0,3608.0,2865.0,3402.0,1821.0,3640.0,4095.0
587355,3923.0,4025.0,3600.0,2861.0,3391.0,1820.0,3633.0,4095.0
587455,3915.0,4023.0,3600.0,2880.0,3389.0,1813.0,3635.0,4095.0
587555,3919.0,4005.0,3633.0,2863.0,3403.0,1817.0,3642.0,4095.0
587655,3936.0,4003.0,3600.0,2884.0,3405.0,1827.0,3642.0,4095.0
587755,3944.0,4003.0,3604.0,2880.0,3392.0,1815.0,3635.0,4095.0
587855,3959.0,4027.0,3628.0,2865.0,3411.0,1817.0,3657.0,4095.0
587955,3935.0,4095.0,3773.0,3047.0,3404.0,1824.0,3629.0,4095.0
588055,3912.0,4042.0,3600.0,2865.0,3389.0,1816.0,3640.0,4095.0
588155,3963.0,4044.0,3632.0,2892.0,3425.0,1817.0,3654.0,4095.0
588255,3948.0,4044.0,3728.0,2880.0,3429.0,1817.0,3656.0,4095.0
588355,3936.0,4009.0,3604.0,2865.0,3412.0,1820.0,3645.0,4095.0
588455,3947.0,4007.0,3608.0,2872.0,3396.0,1818.0,3640.0,4095.0
588555,3936.0,4019.0,3600.0,2887.0,3416.0,1819.0,3653.0,4095.0
588655,3936.0,4003.0,3600.0,2861.0,3383.0,1825.0,3659.0,4095.0
588755,3899.0,4067.0,3823.0,3047.0,3377.0,1821.0,3656.0,4095.0
588855,3955.0,4005.0,3604.0,2880.0,3390.0,1816.0,3632.0,4095.0
588955,3936.0,4040.0,3600.0,2887.0,3399.0,1816.0,3639.0,4095.0
589055,3961.0,4032.0,3659.0,2887.0,3407.0,1811.0,3627.0,4095.0
589155,3907.0,4040.0,3600.0,2857.0,3392.0,1816.0,3627.0,4095.0
589255,3927.0,4029.0,3600.0,2875.0,3384.0,1805.0,3623.0,4095.0
589355,3944.0,4015.0,3728.0,2861.0,3381.0,1809.0,3623.0,4095.0
589455,3935.0,4049.0,3600.0,2878.0,3389.0,1804.0,3623.0,4095.0
589555,3936.0,4008.0,3657.0,2910.0,3400.0,1807.0,3632.0,4095.0
589655,3973.0,4027.0,3661.0,2876.0,3398.0,1803.0,3631.0,4095.0
589755,3936.0,4039.0,3600.0,2924.0,3384.0,1805.0,3627.0,4095.0
589855,3923.0,4075.0,3600.0,2880.0,3399.0,1801.0,3627.0,4095.0
589955,3884.0,4075.0,3816.0,3043.0,3385.0,1816.0,3658.0,4095.0
590055,3888.0,4019.0,3779.0,3023.0,3407.0,1799.0,3624.0,4095.0
590155,3981.0,4039.0,3632.0,2897.0,3405.0,1812.0,3621.0,4095.0
590255,4095.0,4095.0,3640.0,2935.0,3407.0,1801.0,3617.0,4095.0
590355,4076.0,4052.0,3608.0,2865.0,3381.0,1815.0,3645.0,4095.0
590455,3960.0,4032.0,3607.0,2901.0,3392.0,1804.0,3623.0,4095.0
590555,3927.0,4031.0,3587.0,2872.0,3388.0,1800.0,3624.0,4095.0
590655,3968.0,4015.0,3587.0,2908.0,3417.0,1821.0,3636.0,4095.0
590755,3932.0,4003.0,3600.0,2899.0,3396.0,1807.0,3624.0,4095.0
590855,3907.0,4019.0,3584.0,2896.0,3412.0,1816.0,3637.0,4095.0
590955,3912.0,4044.0,3600.0,2896.0,3385.0,1803.0,3623.0,4095.0
591055,3937.0,4095.0,3776.0,3055.0,3411.0,1819.0,3633.0,4095.0
591155,3909.0,4007.0,3584.0,2873.0,3392.0,1805.0,3624.0,4095.0
591255,3932.0,4028.0,3740.0,2876.0,3427.0,1818.0,3639.0,4095.0
591355,3934.0,4021.0,3603.0,2883.0,3431.0,1823.0,3636.0,4095.0
591455,3934.0,4032.0,3607.0,2871.0,3405.0,1816.0,3624.0,4095.0
591555,3932.0,4003.0,3591.0,2887.0,3417.0,1821.0,3636.0,4095.0
591655,3945.0,4053.0,3608.0,2905.0,3415.0,1815.0,3625.0,4095.0
591755,3913.0,4025.0,3623.0,2896.0,3399.0,1816.0,3651.0,4095.0
591855,3920.0,4044.0,3596.0,2896.0,3419.0,1820.0,3628.0,4095.0
591955,4095.0,4095.0,3604.0,2924.0,3409.0,1821.0,3615.0,4095.0
592055,3932.0,4007.0,3736.0,2880.0,3392.0,1817.0,3611.0,4095.0
592155,3969.0,4005.0,3680.0,2897.0,3408.0,1815.0,3615.0,4095.0
592255,3909.0,4005.0,3621.0,2889.0,3400.0,1817.0,3616.0,4095.0
592355,3921.0,4009.0,3584.0,2896.0,3411.0,1817.0,3624.0,4095.0
592455,3905.0,4055.0,3584.0,2896.0,3416.0,1816.0,3626.0,4095.0
592555,3920.0,4017.0,3584.0,2903.0,3433.0,1829.0,3631.0,4095.0
592655,3975.0,4024.0,3600.0,2911.0,3417.0,1815.0,3635.0,4095.0
592755,3969.0,4038.0,3616.0,2903.0,3431.0,1817.0,3630.0,4095.0
592855,4095.0,4095.0,3552.0,2896.0,3389.0,1822.0,3645.0,4095.0
592955,3928.0,4015.0,3617.0,2887.0,3397.0,1813.0,3623.0,4095.0
593055,3899.0,3997.0,3631.0,2880.0,3397.0,1817.0,3606.0,4095.0
593155,3984.0,4021.0,3632.0,2880.0,3419.0,1827.0,3635.0,4095.0
593255,3928.0,4004.0,3760.0,2905.0,3406.0,1809.0,3616.0,4095.0
593355,3953.0,4007.0,3662.0,2888.0,3399.0,1804.0,3619.0,4095.0
593455,3911.0,4007.0,3639.0,2879.0,3431.0,1824.0,3607.0,4095.0
593555,4095.0,4095.0,3520.0,2848.0,3409.0,1813.0,3628.0,4095.0
593655,3915.0,4051.0,3584.0,2880.0,3409.0,1807.0,3643.0,4095.0
593755,3932.0,4004.0,3591.0,2891.0,3415.0,1820.0,3623.0,4095.0
593855,3943.0,4067.0,3584.0,2904.0,3425.0,1817.0,3637.0,4095.0
593955,4000.0,4030.0,3648.0,2871.0,3400.0,1811.0,3615.0,4095.0
594055,3931.0,4022.0,3600.0,2877.0,3387.0,1831.0,3620.0,4095.0
594155,3920.0,4044.0,3596.0,2911.0,3397.0,1817.0,3635.0,4095.0
594255,4067.0,4095.0,3680.0,2976.0,3415.0,1816.0,3609.0,4095.0
594355,4095.0,4095.0,3516.0,2832.0,3392.0,1820.0,3613.0,4095.0
594455,3953.0,4030.0,3608.0,2917.0,3392.0,1819.0,3619.0,4095.0
594555,4095.0,4092.0,3564.0,2846.0,3387.0,1829.0,3640.0,4095.0
594655,3887.0,3992.0,3535.0,2893.0,3384.0,1823.0,3616.0,4095.0
594755,3860.0,3955.0,3565.0,2880.0,3400.0,1819.0,3617.0,4095.0
594855,3871.0,3975.0,3584.0,2871.0,3384.0,1824.0,3616.0,4095.0
594955,3887.0,3981.0,3559.0,2868.0,3384.0,1815.0,3611.0,4095.0
595055,3872.0,3957.0,3599.0,2905.0,3384.0,1815.0,3611.0,4095.0
595155,3863.0,3960.0,3595.0,2880.0,3379.0,1835.0,3623.0,4095.0
595255,3919.0,3951.0,3584.0,2928.0,3384.0,1832.0,3627.0,4095.0
595355,3915.0,3963.0,3562.0,2976.0,3386.0,1817.0,3616.0,4095.0
595455,3865.0,3968.0,3564.0,2875.0,3387.0,1815.0,3616.0,4095.0
595555,3872.0,3988.0,3552.0,2903.0,3374.0,1819.0,3633.0,4095.0
595655,3863.0,3963.0,3580.0,2912.0,3371.0,1813.0,3623.0,4095.0
595755,3884.0,3950.0,3556.0,2873.0,3386.0,1816.0,3616.0,4095.0
595855,3919.0,3968.0,3558.0,2911.0,3412.0,1817.0,3627.0,4095.0
595955,3863.0,3953.0,3552.0,2880.0,3384.0,1817.0,3607.0,4095.0
596055,3872.0,3985.0,3552.0,2887.0,3385.0,1815.0,3627.0,4095.0
596155,3884.0,3945.0,3680.0,2880.0,3372.0,1811.0,3618.0,4095.0
596255,3884.0,3959.0,3688.0,2885.0,3373.0,1808.0,3601.0,4095.0
596355,3867.0,3955.0,3591.0,2896.0,3408.0,1816.0,3603.0,4095.0
596455,3872.0,3959.0,3548.0,2889.0,3369.0,1813.0,3613.0,4095.0
596555,3925.0,3968.0,3552.0,2913.0,3376.0,1808.0,3609.0,4095.0
596655,4081.0,4095.0,3520.0,2912.0,3375.0,1817.0,3607.0,4095.0
596755,3880.0,3963.0,3668.0,2911.0,3387.0,1805.0,3616.0,4095.0
596855,3876.0,3953.0,3660.0,2959.0,3373.0,1813.0,3609.0,4095.0
596955,3872.0,3976.0,3712.0,2974.0,3376.0,1812.0,3611.0,4095.0
597055,3887.0,3951.0,3552.0,2975.0,3384.0,1809.0,3611.0,4095.0
597155,3872.0,3961.0,3618.0,2976.0,3379.0,1825.0,3629.0,4095.0
597255,4093.0,4095.0,3482.0,2912.0,3365.0,1807.0,3616.0,4095.0
597355,3852.0,4075.0,3755.0,3143.0,3404.0,1815.0,3601.0,4095.0
597455,3889.0,3947.0,3554.0,2972.0,3360.0,1819.0,3597.0,4095.0
597555,3889.0,3963.0,3552.0,2972.0,3370.0,1810.0,3605.0,4095.0
597655,3855.0,3981.0,3552.0,2968.0,3365.0,1819.0,3623.0,4095.0
597755,3861.0,3971.0,3563.0,2959.0,3397.0,1835.0,3624.0,4095.0
597855,3872.0,3978.0,3548.0,2988.0,3387.0,1837.0,3616.0,4095.0
597955,3876.0,3995.0,3554.0,2959.0,3373.0,1824.0,3645.0,4095.0
598055,3872.0,3967.0,3552.0,2974.0,3384.0,1831.0,3615.0,4095.0
598305,3864.0,3945.0,3552.0,2984.0,3387.0,1844.0,3628.0,4095.0
598405,3843.0,3963.0,3566.0,2960.0,3375.0,1819.0,3624.0,4095.0
598605,3847.0,3999.0,3552.0,2944.0,3454.0,1963.0,3653.0,4095.0
598705,4065.0,3920.0,3496.0,3052.0,3424.0,1902.0,3621.0,4095.0
598805,3923.0,4031.0,3632.0,3004.0,3399.0,1845.0,3643.0,4095.0
598905,3992.0,3996.0,3727.0,2991.0,3417.0,1840.0,3621.0,4095.0
599005,3951.0,4016.0,3575.0,2959.0,3413.0,1840.0,3618.0,4095.0
599105,3872.0,4095.0,3815.0,3015.0,3401.0,1849.0,3633.0,4095.0
599205,3948.0,4016.0,3583.0,2944.0,3451.0,1847.0,3621.0,4095.0
599305,3923.0,4009.0,3629.0,2960.0,3431.0,1844.0,3616.0,4095.0
599455,3939.0,4073.0,3616.0,2995.0,3443.0,1832.0,3627.0,4095.0
599555,3968.0,4082.0,3742.0,3017.0,3427.0,1822.0,3624.0,4095.0
599655,3960.0,4047.0,3740.0,3040.0,3415.0,1827.0,3641.0,4095.0
599755,3973.0,4094.0,3660.0,3019.0,3427.0,1837.0,3633.0,4095.0
599855,3928.0,4095.0,3843.0,3059.0,3425.0,1828.0,3636.0,4095.0
599955,3964.0,4095.0,3708.0,2988.0,3420.0,1826.0,3639.0,4095.0
600055,3902.0,4095.0,3863.0,3179.0,3435.0,1827.0,3622.0,4095.0
600155,3992.0,4076.0,3680.0,3008.0,3428.0,1821.0,3615.0,4095.0
600255,4015.0,4095.0,3674.0,3167.0,3423.0,1816.0,3611.0,4095.0
600355,3981.0,4079.0,3672.0,3000.0,3424.0,1819.0,3611.0,4095.0
600455,4095.0,4095.0,3568.0,2976.0,3411.0,1824.0,3639.0,4095.0
600555,4095.0,4087.0,3687.0,3054.0,3432.0,1824.0,3621.0,4095.0
600655,3968.0,4071.0,3648.0,3013.0,3423.0,1824.0,3614.0,4095.0
600755,3957.0,4079.0,3688.0,3001.0,3408.0,1835.0,3611.0,4095.0
600855,3964.0,4076.0,3648.0,2992.0,3408.0,1821.0,3605.0,4095.0
600955,4076.0,4095.0,3710.0,3003.0,3417.0,1829.0,3620.0,4095.0
601055,3944.0,4058.0,3655.0,3015.0,3347.0,1771.0,3551.0,4095.0
601155,3997.0,4064.0,3712.0,3033.0,3417.0,1827.0,3615.0,4095.0
601255,3968.0,4059.0,3664.0,3043.0,3405.0,1835.0,3608.0,4095.0
601355,3945.0,4081.0,3664.0,3023.0,3431.0,1824.0,3628.0,4095.0
601455,3960.0,4075.0,3683.0,3026.0,3429.0,1824.0,3637.0,4095.0
601555,3945.0,4053.0,3691.0,2999.0,3405.0,1825.0,3639.0,4095.0
601655,3968.0,4083.0,3660.0,3035.0,3416.0,1824.0,3616.0,4095.0
601755,3953.0,4052.0,3701.0,3000.0,3408.0,1830.0,3615.0,4095.0
601855,3991.0,4086.0,3682.0,3023.0,3404.0,1836.0,3640.0,4095.0
601955,3974.0,4095.0,3752.0,3003.0,3404.0,1831.0,3636.0,4095.0
602055,3996.0,4063.0,3755.0,3021.0,3415.0,1828.0,3624.0,4095.0
602155,3960.0,4095.0,3871.0,3055.0,3415.0,1823.0,3623.0,4095.0
602255,4095.0,4083.0,3687.0,3040.0,3419.0,1840.0,3641.0,4095.0
602355,4003.0,4089.0,3664.0,2987.0,3399.0,1818.0,3635.0,4095.0
602455,3955.0,4080.0,3715.0,3000.0,3407.0,1837.0,3613.0,4095.0
602555,3953.0,4095.0,3648.0,2985.0,3408.0,1835.0,3611.0,4095.0
602655,3971.0,4073.0,3648.0,3112.0,3441.0,1819.0,3623.0,4095.0
602755,3960.0,4064.0,3800.0,3017.0,3424.0,1834.0,3620.0,4095.0
602855,3961.0,4061.0,3648.0,3025.0,3395.0,1817.0,3624.0,4095.0
602955,3920.0,4095.0,3859.0,3055.0,3416.0,1821.0,3615.0,4095.0
603055,3941.0,4088.0,3648.0,2992.0,3408.0,1830.0,3619.0,4095.0
603205,3964.0,4063.0,3772.0,3005.0,3399.0,1826.0,3628.0,4095.0
603305,4095.0,4095.0,3616.0,2940.0,3416.0,1822.0,3612.0,4095.0
603405,4095.0,4032.0,3584.0,3053.0,3412.0,1820.0,3614.0,4095.0
603505,4071.0,4060.0,3616.0,3097.0,3427.0,1820.0,3623.0,4095.0
603605,3952.0,4084.0,3744.0,2928.0,3395.0,1820.0,3643.0,4095.0
603705,3988.0,4088.0,3680.0,2928.0,3397.0,1828.0,3627.0,4095.0
603805,3988.0,4079.0,3664.0,2928.0,3425.0,1824.0,3617.0,4095.0
603905,3941.0,4064.0,3707.0,2936.0,3416.0,1819.0,3612.0,4095.0
604005,3952.0,4076.0,3648.0,2953.0,3400.0,1824.0,3624.0,4095.0
604105,4012.0,4057.0,3663.0,2936.0,3403.0,1821.0,3609.0,4095.0
604205,3952.0,4095.0,3772.0,2931.0,3395.0,1815.0,3616.0,4095.0
604305,3961.0,4063.0,3671.0,2917.0,3423.0,1829.0,3619.0,4095.0
604405,3966.0,4095.0,3694.0,2913.0,3416.0,1826.0,3619.0,4095.0
604505,3959.0,4093.0,3640.0,2951.0,3407.0,1815.0,3628.0,4095.0
604705,3904.0,4095.0,3864.0,3039.0,3389.0,1825.0,3634.0,4095.0
604805,3952.0,4084.0,3790.0,2951.0,3404.0,1820.0,3613.0,4095.0
604955,3952.0,4090.0,3679.0,2937.0,3405.0,1825.0,3613.0,4095.0
605055,4095.0,3984.0,3631.0,3028.0,3437.0,1835.0,3625.0,4095.0
605155,3904.0,4095.0,3831.0,3079.0,3419.0,1820.0,3622.0,4095.0
605255,3995.0,4080.0,3660.0,2924.0,3387.0,1825.0,3643.0,4095.0
605355,3968.0,4053.0,3760.0,2907.0,3385.0,1827.0,3647.0,4095.0
605455,3960.0,4079.0,3760.0,2911.0,3413.0,1821.0,3616.0,4095.0
605555,3968.0,4056.0,3648.0,2912.0,3389.0,1832.0,3613.0,4095.0
605655,4008.0,4095.0,3712.0,2935.0,3400.0,1819.0,3615.0,4095.0
605755,3968.0,4064.0,3644.0,2968.0,3391.0,1832.0,3624.0,4095.0
605855,3888.0,4095.0,3871.0,3047.0,3385.0,1823.0,3628.0,4095.0
605955,3968.0,4072.0,3788.0,2923.0,3403.0,1827.0,3616.0,4095.0
606055,3968.0,4075.0,3648.0,2924.0,3391.0,1827.0,3611.0,4095.0
606155,3919.0,4003.0,3653.0,2928.0,3403.0,1821.0,3620.0,4095.0
606255,3918.0,4035.0,3584.0,2912.0,3389.0,1821.0,3631.0,4095.0
606355,3890.0,4037.0,3584.0,2905.0,3412.0,1816.0,3624.0,4095.0
606455,3947.0,4000.0,3616.0,2925.0,3384.0,1814.0,3613.0,4095.0
606555,3920.0,4016.0,3740.0,2936.0,3373.0,1817.0,3651.0,4095.0
606655,3915.0,4007.0,3584.0,2935.0,3404.0,1825.0,3619.0,4095.0
606755,3920.0,4016.0,3604.0,2912.0,3398.0,1824.0,3616.0,4095.0
606855,4067.0,4095.0,3664.0,3037.0,3408.0,1816.0,3607.0,4095.0
606955,3920.0,4016.0,3600.0,2925.0,3391.0,1824.0,3604.0,4095.0
607055,3939.0,4007.0,3680.0,2912.0,3400.0,1817.0,3622.0,4095.0
607155,3950.0,4030.0,3616.0,2912.0,3404.0,1817.0,3616.0,4095.0
607255,3943.0,4036.0,3608.0,2935.0,3395.0,1815.0,3624.0,4095.0
607355,3992.0,4069.0,3616.0,2912.0,3417.0,1836.0,3625.0,4095.0
607455,3924.0,4009.0,3633.0,2938.0,3384.0,1837.0,3609.0,4095.0
607555,3920.0,4040.0,3605.0,2906.0,3379.0,1829.0,3637.0,4095.0
607655,3992.0,3936.0,3719.0,2953.0,3399.0,1816.0,3616.0,4095.0
607755,4047.0,4095.0,3628.0,3061.0,3400.0,1828.0,3624.0,4095.0
607855,3928.0,4008.0,3675.0,2943.0,3388.0,1822.0,3608.0,4095.0
607955,3928.0,4015.0,3587.0,2915.0,3395.0,1817.0,3616.0,4095.0
608055,3911.0,4071.0,3608.0,2931.0,3385.0,1819.0,3609.0,4095.0
608155,3932.0,4025.0,3712.0,2897.0,3386.0,1820.0,3615.0,4095.0
608255,3955.0,4016.0,3624.0,2908.0,3372.0,1826.0,3635.0,4095.0
608355,3928.0,4009.0,3608.0,2915.0,3372.0,1820.0,3629.0,4095.0
608455,3920.0,3996.0,3608.0,2912.0,3387.0,1823.0,3614.0,4095.0
608555,3925.0,4032.0,3608.0,2929.0,3383.0,1819.0,3607.0,4095.0
608755,3913.0,4011.0,3608.0,2895.0,3387.0,1825.0,3627.0,4095.0
608955,3872.0,4095.0,3823.0,3087.0,3377.0,1824.0,3628.0,4095.0
609055,3971.0,4040.0,3646.0,2912.0,3371.0,1818.0,3622.0,4095.0
609155,3979.0,4069.0,3608.0,2916.0,3375.0,1817.0,3599.0,4095.0
609255,3938.0,4025.0,3644.0,2895.0,3384.0,1812.0,3606.0,4095.0
609355,3953.0,4027.0,3690.0,2904.0,3400.0,1808.0,3611.0,4095.0
609455,3959.0,4075.0,3632.0,2904.0,3376.0,1812.0,3605.0,4095.0
609555,3928.0,4001.0,3612.0,2896.0,3384.0,1815.0,3599.0,4095.0
609655,3928.0,4040.0,3619.0,2913.0,3376.0,1810.0,3601.0,4095.0
609755,3911.0,4011.0,3612.0,2905.0,3387.0,1812.0,3604.0,4095.0
609855,3927.0,4021.0,3612.0,2896.0,3384.0,1813.0,3593.0,4095.0
609955,3928.0,3997.0,3608.0,2892.0,3376.0,1811.0,3601.0,4095.0
610055,3913.0,4027.0,3608.0,2880.0,3376.0,1819.0,3601.0,4095.0
610155,3975.0,4019.0,3616.0,2903.0,3383.0,1821.0,3603.0,4095.0
610355,3947.0,4040.0,3648.0,2873.0,3417.0,1820.0,3621.0,4095.0
610555,3895.0,4095.0,3823.0,3051.0,3383.0,1821.0,3613.0,4095.0
610655,3921.0,4049.0,3612.0,2896.0,3381.0,1831.0,3599.0,4095.0
610755,3907.0,4023.0,3655.0,2871.0,3423.0,1820.0,3623.0,4095.0
610855,3940.0,4011.0,3696.0,2880.0,3396.0,1818.0,3616.0,4095.0
610955,3888.0,4095.0,3819.0,3047.0,3384.0,1826.0,3603.0,4095.0
611055,4084.0,4000.0,3681.0,2868.0,3387.0,1815.0,3625.0,4095.0
611155,3932.0,4069.0,3600.0,2904.0,3405.0,1820.0,3612.0,4095.0
611255,3936.0,4019.0,3755.0,2975.0,3395.0,1824.0,3611.0,4095.0
611355,3936.0,4005.0,3712.0,2912.0,3416.0,1819.0,3599.0,4095.0
611455,3942.0,4008.0,3708.0,2889.0,3419.0,1822.0,3599.0,4095.0
611655,3904.0,4095.0,3809.0,3063.0,3400.0,1827.0,3612.0,4095.0
611855,3931.0,4041.0,3604.0,2905.0,3385.0,1835.0,3619.0,4095.0
611955,3931.0,4029.0,3614.0,2891.0,3397.0,1820.0,3600.0,4095.0
612055,3911.0,4055.0,3600.0,2903.0,3384.0,1815.0,3595.0,4095.0
612155,3963.0,4023.0,3629.0,2902.0,3383.0,1827.0,3610.0,4095.0
612305,3923.0,4040.0,3612.0,2905.0,3411.0,1816.0,3607.0,4095.0
612405,3924.0,4043.0,3608.0,2912.0,3401.0,1819.0,3609.0,4095.0
612505,3953.0,4044.0,3675.0,2891.0,3387.0,1813.0,3596.0,4095.0
612605,3921.0,4036.0,3608.0,2915.0,3377.0,1824.0,3622.0,4095.0
612705,3932.0,4024.0,3608.0,2960.0,3389.0,1813.0,3596.0,4095.0
612805,3955.0,4009.0,3635.0,2900.0,3387.0,1808.0,3596.0,4095.0
612905,3936.0,4027.0,3742.0,2913.0,3397.0,1821.0,3612.0,4095.0
613005,4095.0,3944.0,3687.0,2848.0,3371.0,1804.0,3627.0,4095.0
613105,3957.0,4071.0,3672.0,2895.0,3387.0,1806.0,3598.0,4095.0
613205,3915.0,4023.0,3600.0,2887.0,3403.0,1810.0,3609.0,4095.0
613305,3911.0,4027.0,3600.0,2885.0,3372.0,1815.0,3608.0,4095.0
613405,3928.0,4009.0,3756.0,2900.0,3387.0,1810.0,3598.0,4095.0
613505,3963.0,4027.0,3640.0,2900.0,3405.0,1821.0,3603.0,4095.0
613605,3932.0,4003.0,3728.0,2891.0,3383.0,1821.0,3621.0,4095.0
613755,4095.0,4095.0,3568.0,2928.0,3381.0,1818.0,3623.0,4095.0
613855,3944.0,4017.0,3672.0,2879.0,3388.0,1810.0,3596.0,4095.0
613955,3923.0,4032.0,3608.0,2873.0,3389.0,1813.0,3598.0,4095.0
614055,4024.0,4005.0,3627.0,2904.0,3372.0,1814.0,3621.0,4095.0
614155,3928.0,4032.0,3758.0,2907.0,3382.0,1811.0,3593.0,4095.0
614255,3951.0,4040.0,3648.0,2896.0,3368.0,1815.0,3609.0,4095.0
614355,3955.0,4040.0,3628.0,2896.0,3405.0,1817.0,3603.0,4095.0
614455,3971.0,4045.0,3631.0,2900.0,3376.0,1811.0,3577.0,4095.0
614555,3960.0,4023.0,3649.0,2896.0,3401.0,1817.0,3599.0,4095.0
614655,3936.0,4003.0,3736.0,2917.0,3373.0,1812.0,3619.0,4095.0
614755,3852.0,4095.0,3817.0,3025.0,3390.0,1803.0,3591.0,4095.0
614855,3942.0,4032.0,3678.0,2875.0,3375.0,1813.0,3621.0,4095.0
614955,3963.0,4041.0,3600.0,2903.0,3384.0,1821.0,3575.0,4095.0
615055,3953.0,4007.0,3608.0,2911.0,3399.0,1808.0,3595.0,4095.0
615155,4095.0,4095.0,3520.0,2912.0,3379.0,1811.0,3598.0,4095.0
615255,3936.0,4032.0,3608.0,2891.0,3388.0,1812.0,3592.0,4095.0
615355,3948.0,4007.0,3615.0,2880.0,3376.0,1817.0,3571.0,4095.0
615455,3976.0,4046.0,3628.0,2900.0,3409.0,1815.0,3591.0,4095.0
615555,3923.0,4037.0,3641.0,2889.0,3374.0,1815.0,3605.0,4095.0
615655,3917.0,4021.0,3655.0,2896.0,3387.0,1811.0,3592.0,4095.0
615755,3975.0,4009.0,3662.0,2898.0,3379.0,1814.0,3587.0,4095.0
615855,3936.0,4032.0,3608.0,2905.0,3371.0,1812.0,3602.0,4095.0
615955,3973.0,4032.0,3662.0,2901.0,3379.0,1825.0,3608.0,4095.0
616055,3924.0,4039.0,3607.0,2872.0,3381.0,1812.0,3601.0,4095.0
616155,4095.0,4012.0,3624.0,2840.0,3400.0,1808.0,3587.0,4095.0
616255,4095.0,4095.0,3542.0,2816.0,3376.0,1805.0,3569.0,4095.0
616355,3944.0,4023.0,3744.0,2883.0,3387.0,1813.0,3576.0,4095.0
616455,3948.0,4011.0,3623.0,2874.0,3382.0,1815.0,3568.0,4095.0
616555,3915.0,4023.0,3608.0,2871.0,3416.0,1812.0,3589.0,4095.0
616655,3911.0,4075.0,3608.0,2865.0,3376.0,1805.0,3573.0,4095.0
616755,3949.0,4011.0,3674.0,2880.0,3384.0,1807.0,3576.0,4095.0
616855,3929.0,4019.0,3600.0,2903.0,3375.0,1805.0,3589.0,4095.0
616955,3936.0,4032.0,3608.0,2888.0,3382.0,1811.0,3578.0,4095.0
617055,3936.0,4003.0,3608.0,2880.0,3409.0,1815.0,3591.0,4095.0
617155,3943.0,4019.0,3655.0,2887.0,3384.0,1818.0,3607.0,4095.0
617255,3936.0,4025.0,3739.0,2880.0,3366.0,1815.0,3593.0,4095.0
617355,3965.0,4046.0,3616.0,2880.0,3363.0,1804.0,3586.0,4095.0
617455,3931.0,4015.0,3665.0,2871.0,3387.0,1816.0,3588.0,4095.0
617555,3925.0,4019.0,3612.0,2880.0,3372.0,1825.0,3599.0,4095.0
617655,3936.0,4044.0,3760.0,2895.0,3376.0,1819.0,3576.0,4095.0
617755,3975.0,4040.0,3644.0,2880.0,3408.0,1815.0,3573.0,4095.0
617855,3956.0,4019.0,3614.0,2867.0,3405.0,1831.0,3595.0,4095.0
617955,4095.0,3968.0,3649.0,2842.0,3391.0,1824.0,3595.0,4095.0
618055,3983.0,4056.0,3616.0,2888.0,3389.0,1830.0,3592.0,4095.0
618155,3975.0,4030.0,3662.0,2897.0,3367.0,1828.0,3595.0,4095.0
618255,3955.0,4009.0,3662.0,2875.0,3364.0,1835.0,3607.0,4095.0
618355,4095.0,4032.0,3587.0,2848.0,3388.0,1823.0,3575.0,4095.0
618455,3955.0,4017.0,3627.0,2873.0,3364.0,1823.0,3584.0,4095.0
618555,3948.0,4032.0,3712.0,2880.0,3368.0,1832.0,3593.0,4095.0
618655,3991.0,4037.0,3600.0,2889.0,3361.0,1836.0,3621.0,4095.0
618755,3955.0,4019.0,3632.0,2863.0,3369.0,1824.0,3596.0,4095.0
618855,3936.0,4008.0,3608.0,2892.0,3351.0,1827.0,3607.0,4095.0
618955,3927.0,4009.0,3608.0,2880.0,3349.0,1829.0,3607.0,4095.0
619055,3979.0,4032.0,3627.0,2901.0,3357.0,1824.0,3583.0,4095.0
619155,3959.0,4044.0,3640.0,2942.0,3354.0,1831.0,3573.0,4095.0
619255,3921.0,4056.0,3612.0,2895.0,3361.0,1838.0,3607.0,4095.0
619355,3927.0,4073.0,3612.0,2896.0,3353.0,1828.0,3609.0,4095.0
619455,3988.0,4051.0,3640.0,2880.0,3369.0,1828.0,3592.0,4095.0
619555,3971.0,4029.0,3692.0,2880.0,3373.0,1824.0,3603.0,4095.0
619655,3952.0,4045.0,3640.0,2880.0,3356.0,1824.0,3573.0,4095.0
619755,3991.0,4019.0,3637.0,2876.0,3363.0,1824.0,3601.0,4095.0
619855,3970.0,4032.0,3581.0,2859.0,3343.0,1819.0,3596.0,4095.0
619955,3952.0,4043.0,3612.0,2888.0,3360.0,1823.0,3585.0,4095.0
620055,3951.0,4056.0,3591.0,2858.0,3348.0,1823.0,3597.0,4095.0
620155,3964.0,4033.0,3620.0,2867.0,3351.0,1824.0,3596.0,4095.0
620255,4003.0,4039.0,3678.0,2880.0,3358.0,1833.0,3573.0,4095.0
620355,3935.0,4061.0,3615.0,2855.0,3356.0,1837.0,3573.0,4095.0
620455,3928.0,4095.0,3799.0,2977.0,3345.0,1821.0,3596.0,4095.0
620555,3955.0,4027.0,3631.0,2855.0,3364.0,1832.0,3580.0,4095.0
620655,3952.0,4047.0,3696.0,2872.0,3349.0,1842.0,3611.0,4095.0
620755,3964.0,4048.0,3672.0,2864.0,3387.0,1832.0,3595.0,4095.0
620855,3962.0,4033.0,3696.0,2857.0,3360.0,1835.0,3571.0,4095.0
620955,3952.0,4056.0,3710.0,2896.0,3360.0,1824.0,3579.0,4095.0
621155,3955.0,4065.0,3608.0,2906.0,3368.0,1832.0,3594.0,4095.0
621355,4095.0,4095.0,3568.0,2972.0,3387.0,1832.0,3599.0,4095.0
621455,3950.0,4048.0,3657.0,2872.0,3368.0,1824.0,3580.0,4095.0
621555,3952.0,4057.0,3740.0,2885.0,3349.0,1832.0,3622.0,4095.0
621655,3952.0,4027.0,3608.0,2870.0,3361.0,1824.0,3601.0,4095.0
621755,4076.0,4056.0,3680.0,2857.0,3364.0,1830.0,3579.0,4095.0
621855,3936.0,4035.0,3612.0,2877.0,3369.0,1828.0,3580.0,4095.0
621955,4005.0,4048.0,3670.0,2881.0,3349.0,1832.0,3596.0,4095.0
622055,3929.0,4031.0,3659.0,2864.0,3373.0,1828.0,3582.0,4095.0
622155,3952.0,4031.0,3728.0,2851.0,3354.0,1832.0,3602.0,4095.0
622255,3987.0,4081.0,3632.0,2864.0,3347.0,1822.0,3587.0,4095.0
622355,3960.0,4027.0,3639.0,2864.0,3363.0,1831.0,3593.0,4095.0
622455,3979.0,4033.0,3629.0,2877.0,3367.0,1824.0,3580.0,4095.0
622555,4095.0,4000.0,3560.0,2848.0,3365.0,1826.0,3580.0,4095.0
622655,3966.0,4027.0,3694.0,2847.0,3345.0,1839.0,3595.0,4095.0
622755,3964.0,4056.0,3616.0,2853.0,3355.0,1832.0,3595.0,4095.0
622855,4011.0,4095.0,3744.0,3027.0,3382.0,1821.0,3565.0,4095.0
622955,3972.0,4035.0,3627.0,2859.0,3352.0,1833.0,3608.0,4095.0
623055,3939.0,4073.0,3612.0,2864.0,3357.0,1819.0,3605.0,4095.0
623155,3968.0,4037.0,3612.0,2872.0,3358.0,1817.0,3575.0,4095.0
623255,3959.0,4045.0,3760.0,2864.0,3352.0,1821.0,3601.0,4095.0
623355,4095.0,4012.0,3651.0,2816.0,3351.0,1827.0,3587.0,4095.0
623455,3935.0,4083.0,3616.0,2847.0,3355.0,1819.0,3567.0,4095.0
623555,3952.0,4087.0,3616.0,2887.0,3345.0,1825.0,3587.0,4095.0
623655,4072.0,4063.0,3616.0,2853.0,3371.0,1820.0,3576.0,4095.0
623755,3976.0,4033.0,3672.0,2864.0,3354.0,1820.0,3569.0,4095.0
623855,3888.0,4095.0,3831.0,3023.0,3360.0,1826.0,3561.0,4095.0
623955,3987.0,4056.0,3616.0,2887.0,3354.0,1829.0,3560.0,4095.0
624055,3952.0,4035.0,3614.0,2887.0,3365.0,1826.0,3568.0,4095.0
624155,3932.0,4020.0,3799.0,2959.0,3347.0,1832.0,3573.0,4095.0
624255,4064.0,4051.0,3633.0,2847.0,3368.0,1816.0,3592.0,4095.0
624355,3952.0,4036.0,3702.0,2876.0,3360.0,1835.0,3563.0,4095.0
624455,3968.0,4095.0,3791.0,2913.0,3355.0,1820.0,3599.0,4095.0
624555,3992.0,3952.0,3616.0,3003.0,3364.0,1824.0,3591.0,4095.0
624655,3886.0,4067.0,3831.0,2999.0,3358.0,1824.0,3563.0,4095.0
624755,3946.0,4095.0,3807.0,3027.0,3349.0,1831.0,3585.0,4095.0
624855,3935.0,4071.0,3608.0,2864.0,3371.0,1823.0,3588.0,4095.0
624955,3995.0,4033.0,3618.0,2875.0,3347.0,1827.0,3603.0,4095.0
625055,4052.0,4024.0,3676.0,2864.0,3351.0,1821.0,3577.0,4095.0
625155,3956.0,4047.0,3640.0,2902.0,3354.0,1817.0,3571.0,4095.0
625255,3960.0,4048.0,3622.0,2871.0,3369.0,1827.0,3578.0,4095.0
625355,3952.0,4039.0,3756.0,2895.0,3363.0,1820.0,3576.0,4095.0
625455,4095.0,4095.0,3544.0,2872.0,3356.0,1829.0,3563.0,4095.0
625555,3964.0,4023.0,3728.0,2849.0,3381.0,1814.0,3579.0,4095.0
625655,3952.0,4059.0,3740.0,2880.0,3371.0,1818.0,3593.0,4095.0
625755,3956.0,4056.0,3620.0,2876.0,3365.0,1819.0,3579.0,4095.0
625855,3952.0,4019.0,3608.0,2904.0,3356.0,1813.0,3565.0,4095.0
625955,3979.0,4023.0,3629.0,2908.0,3365.0,1816.0,3574.0,4095.0
626055,3956.0,4013.0,3694.0,2887.0,3352.0,1819.0,3565.0,4095.0
626155,3936.0,4043.0,3706.0,2904.0,3345.0,1817.0,3605.0,4095.0
626255,3936.0,3995.0,3712.0,2887.0,3385.0,1819.0,3593.0,4095.0
626355,3928.0,4009.0,3584.0,2901.0,3368.0,1863.0,3581.0,4095.0
626455,4024.0,4053.0,3648.0,2859.0,3384.0,1887.0,3600.0,4095.0
626555,3936.0,3896.0,3551.0,2912.0,3369.0,1877.0,3597.0,4095.0
626655,3747.0,3911.0,3448.0,2883.0,3370.0,1877.0,3591.0,4095.0
626755,3888.0,3979.0,3696.0,2869.0,3349.0,1845.0,3617.0,4095.0
626855,3929.0,4007.0,3611.0,2858.0,3397.0,1843.0,3599.0,4095.0
626955,3904.0,3993.0,3568.0,2847.0,3372.0,1836.0,3593.0,4095.0
627055,3939.0,4011.0,3608.0,2816.0,3382.0,1844.0,3592.0,4095.0
627155,3899.0,4022.0,3599.0,2803.0,3360.0,1869.0,3587.0,4095.0
627255,3904.0,4024.0,3568.0,2831.0,3381.0,1856.0,3599.0,4095.0
627355,4095.0,4092.0,3514.0,2816.0,3369.0,1897.0,3616.0,4095.0
627455,3943.0,3999.0,3616.0,2858.0,3376.0,1887.0,3595.0,4095.0
627555,4095.0,4000.0,3563.0,2720.0,3383.0,1837.0,3592.0,4095.0
627655,4074.0,3936.0,3651.0,2746.0,3347.0,1833.0,3595.0,4095.0
627755,3957.0,4026.0,3600.0,2783.0,3373.0,1835.0,3592.0,4095.0
627855,3899.0,4007.0,3568.0,2763.0,3356.0,1846.0,3573.0,4095.0
627955,3897.0,4016.0,3599.0,2768.0,3367.0,1837.0,3596.0,4095.0
628055,3904.0,3999.0,3722.0,2864.0,3351.0,1839.0,3602.0,4095.0
628155,3939.0,4015.0,3584.0,2830.0,3351.0,1863.0,3611.0,4095.0
628255,3934.0,4001.0,3656.0,2751.0,3373.0,1843.0,3592.0,4095.0
628355,3926.0,3995.0,3696.0,2746.0,3367.0,1833.0,3577.0,4095.0
628455,3895.0,4014.0,3576.0,2768.0,3345.0,1831.0,3612.0,4095.0
628555,4046.0,4014.0,3631.0,2741.0,3355.0,1838.0,3604.0,4095.0
628655,3959.0,4015.0,3604.0,2752.0,3357.0,1851.0,3571.0,4095.0
628755,3955.0,3996.0,3501.0,2732.0,3364.0,1851.0,3577.0,4095.0
628855,3902.0,3999.0,3575.0,2740.0,3367.0,1840.0,3575.0,4095.0
628955,3895.0,4015.0,3631.0,2728.0,3357.0,1834.0,3575.0,4095.0
629055,3894.0,3994.0,3600.0,2732.0,3372.0,1840.0,3599.0,4095.0
629155,3935.0,3991.0,3607.0,2736.0,3368.0,1832.0,3580.0,4095.0
629255,3943.0,4016.0,3648.0,2744.0,3359.0,1833.0,3573.0,4095.0
629355,3904.0,3998.0,3742.0,2741.0,3365.0,1832.0,3599.0,4095.0
629455,3851.0,3900.0,3608.0,2732.0,3355.0,1831.0,3599.0,4095.0
629555,3856.0,3901.0,3552.0,2736.0,3356.0,1824.0,3575.0,4095.0
629655,3889.0,3992.0,3584.0,2720.0,3355.0,1836.0,3593.0,4095.0
629755,3953.0,4011.0,3615.0,2720.0,3345.0,1828.0,3592.0,4095.0
629855,3911.0,4033.0,3608.0,2719.0,3365.0,1824.0,3576.0,4095.0
629955,3936.0,4032.0,3610.0,2732.0,3354.0,1825.0,3565.0,4095.0
630055,3977.0,4039.0,3679.0,2720.0,3361.0,1824.0,3568.0,4095.0
630155,3953.0,4035.0,3657.0,2736.0,3347.0,1829.0,3595.0,4095.0
630255,3936.0,4071.0,3616.0,2738.0,3379.0,1826.0,3594.0,4095.0
630355,3944.0,4030.0,3614.0,2715.0,3352.0,1825.0,3562.0,4095.0
630455,3919.0,4095.0,3741.0,2887.0,3351.0,1838.0,3591.0,4095.0
630555,3860.0,4071.0,3815.0,2895.0,3347.0,1829.0,3592.0,4095.0
630655,3911.0,3987.0,3615.0,2736.0,3357.0,1824.0,3568.0,4095.0
630755,4095.0,4095.0,3767.0,2819.0,3356.0,1824.0,3565.0,4095.0
630855,3904.0,3991.0,3584.0,2728.0,3347.0,1833.0,3611.0,4095.0
630955,3945.0,4027.0,3584.0,2728.0,3355.0,1844.0,3595.0,4095.0
631055,3904.0,3985.0,3712.0,2734.0,3369.0,1831.0,3576.0,4095.0
631155,4095.0,3968.0,3619.0,2682.0,3353.0,1835.0,3592.0,4095.0
631255,3887.0,3993.0,3584.0,2749.0,3359.0,1827.0,3571.0,4095.0
631355,3936.0,4009.0,3740.0,2752.0,3362.0,1824.0,3575.0,4095.0
631455,3935.0,4095.0,3791.0,2891.0,3353.0,1825.0,3579.0,4095.0
631555,3921.0,4021.0,3608.0,2720.0,3349.0,1831.0,3596.0,4095.0
631655,3936.0,4044.0,3744.0,2747.0,3355.0,1828.0,3592.0,4095.0
631755,4095.0,3992.0,3607.0,2688.0,3366.0,1832.0,3561.0,4095.0
631855,3952.0,4051.0,3616.0,2731.0,3369.0,1819.0,3568.0,4095.0
631955,3971.0,4060.0,3647.0,2720.0,3378.0,1822.0,3589.0,4095.0
632055,3991.0,4053.0,3643.0,2726.0,3379.0,1824.0,3587.0,4095.0
632155,3943.0,4053.0,3628.0,2711.0,3360.0,1831.0,3565.0,4095.0
632255,3971.0,4059.0,3637.0,2720.0,3360.0,1827.0,3563.0,4095.0
632355,3949.0,4089.0,3616.0,2709.0,3359.0,1829.0,3601.0,4095.0
632455,3968.0,4041.0,3708.0,2744.0,3389.0,1829.0,3579.0,4095.0
632555,3968.0,4043.0,3643.0,2733.0,3369.0,1829.0,3568.0,4095.0
632655,3939.0,4061.0,3665.0,2733.0,3359.0,1821.0,3604.0,4095.0
632755,3964.0,4083.0,3671.0,2720.0,3376.0,1836.0,3603.0,4095.0
632855,3968.0,4069.0,3616.0,2720.0,3355.0,1826.0,3576.0,4095.0
632955,3968.0,4068.0,3632.0,2776.0,3381.0,1824.0,3576.0,4095.0
633055,4008.0,3961.0,3608.0,2720.0,3368.0,1823.0,3568.0,4095.0
633155,3991.0,4095.0,3648.0,2727.0,3360.0,1836.0,3564.0,4095.0
633255,3962.0,4051.0,3639.0,2706.0,3367.0,1820.0,3595.0,4095.0
633355,3959.0,4080.0,3617.0,2712.0,3371.0,1820.0,3587.0,4095.0
633455,3955.0,4080.0,3632.0,2736.0,3360.0,1835.0,3559.0,4095.0
633555,3968.0,4051.0,3642.0,2737.0,3354.0,1829.0,3605.0,4095.0
633655,3993.0,4080.0,3744.0,2709.0,3360.0,1831.0,3557.0,4095.0
633755,3986.0,4064.0,3644.0,2731.0,3360.0,1823.0,3561.0,4095.0
633855,3982.0,4061.0,3643.0,2744.0,3360.0,1833.0,3561.0,4095.0
633955,3976.0,4051.0,3632.0,2755.0,3401.0,1821.0,3576.0,4095.0
634055,3968.0,4057.0,3632.0,2747.0,3369.0,1820.0,3568.0,4095.0
634155,3951.0,4051.0,3632.0,2745.0,3377.0,1821.0,3575.0,4095.0
634255,3984.0,4065.0,3640.0,2711.0,3360.0,1831.0,3558.0,4095.0
634355,3982.0,4093.0,3744.0,2716.0,3355.0,1825.0,3593.0,4095.0
634555,3995.0,4045.0,3632.0,2764.0,3359.0,1822.0,3587.0,4095.0
634705,3965.0,4080.0,3703.0,2771.0,3379.0,1821.0,3566.0,4095.0
634805,3963.0,4059.0,3632.0,2729.0,3379.0,1817.0,3566.0,4095.0
634905,3983.0,4057.0,3664.0,2729.0,3365.0,1823.0,3585.0,4095.0
635005,3968.0,4049.0,3744.0,2755.0,3358.0,1815.0,3557.0,4095.0
635105,3964.0,4068.0,3692.0,2748.0,3372.0,1817.0,3569.0,4095.0
635205,3964.0,4051.0,3744.0,2763.0,3357.0,1809.0,3552.0,4095.0
635355,3976.0,4076.0,3660.0,2727.0,3356.0,1825.0,3555.0,4095.0
635455,3960.0,4091.0,3626.0,2744.0,3347.0,1803.0,3559.0,4095.0
635555,3968.0,4076.0,3744.0,2761.0,3367.0,1803.0,3560.0,4095.0
635655,3985.0,4057.0,3648.0,2744.0,3363.0,1807.0,3552.0,4095.0
635755,3995.0,4075.0,3640.0,2744.0,3371.0,1807.0,3562.0,4095.0
635855,4076.0,4045.0,3648.0,2731.0,3371.0,1805.0,3560.0,4095.0
635955,4071.0,4095.0,3696.0,2880.0,3360.0,1818.0,3572.0,4095.0
636055,3952.0,4041.0,3760.0,2744.0,3372.0,1809.0,3560.0,4095.0
636155,3964.0,4071.0,3738.0,2759.0,3360.0,1819.0,3549.0,4095.0
636255,3992.0,4064.0,3706.0,2761.0,3377.0,1816.0,3573.0,4095.0
636355,3935.0,4037.0,3768.0,2723.0,3377.0,1819.0,3564.0,4095.0
636455,4095.0,4095.0,3576.0,2704.0,3372.0,1824.0,3591.0,4095.0
636555,3939.0,4064.0,3616.0,2737.0,3353.0,1821.0,3591.0,4095.0
636655,3990.0,4043.0,3616.0,2721.0,3360.0,1811.0,3551.0,4095.0
636755,3952.0,4040.0,3626.0,2763.0,3373.0,1816.0,3558.0,4095.0
636855,3967.0,4095.0,3771.0,2895.0,3359.0,1815.0,3552.0,4095.0
636955,3989.0,4070.0,3630.0,2736.0,3367.0,1816.0,3552.0,4095.0
637055,3945.0,4043.0,3740.0,2736.0,3389.0,1816.0,3559.0,4095.0
637155,3960.0,4064.0,3734.0,2719.0,3395.0,1804.0,3573.0,4095.0
637255,3968.0,4068.0,3630.0,2732.0,3374.0,1815.0,3550.0,4095.0
637355,3948.0,4085.0,3599.0,2728.0,3355.0,1819.0,3571.0,4095.0
637455,3965.0,4063.0,3608.0,2736.0,3373.0,1809.0,3552.0,4095.0
637555,3952.0,4068.0,3607.0,2716.0,3360.0,1815.0,3547.0,4095.0
637655,3960.0,4039.0,3744.0,2751.0,3357.0,1817.0,3560.0,4095.0
637755,3973.0,4072.0,3648.0,2719.0,3379.0,1812.0,3567.0,4095.0
637855,3960.0,4045.0,3628.0,2729.0,3349.0,1829.0,3591.0,4095.0
637955,4083.0,4095.0,3647.0,2858.0,3360.0,1820.0,3547.0,4095.0
638055,3932.0,4037.0,3776.0,2760.0,3387.0,1829.0,3567.0,4095.0
638155,3952.0,4055.0,3616.0,2776.0,3374.0,1817.0,3564.0,4095.0
638255,3966.0,4047.0,3707.0,2755.0,3360.0,1821.0,3555.0,4095.0
638355,3960.0,4051.0,3760.0,2872.0,3358.0,1820.0,3573.0,4095.0
638455,3992.0,4053.0,3644.0,2780.0,3363.0,1817.0,3567.0,4095.0
638555,3964.0,4068.0,3636.0,2780.0,3355.0,1817.0,3559.0,4095.0
638655,3964.0,4072.0,3632.0,2763.0,3354.0,1821.0,3561.0,4095.0
638755,3983.0,4072.0,3674.0,2776.0,3353.0,1833.0,3559.0,4095.0
638855,3960.0,4092.0,3631.0,2756.0,3351.0,1817.0,3559.0,4095.0
638955,4095.0,4095.0,3612.0,2864.0,3351.0,1811.0,3561.0,4095.0
639055,4095.0,4064.0,3560.0,2814.0,3351.0,1816.0,3558.0,4095.0
639155,3952.0,4041.0,3775.0,2787.0,3371.0,1824.0,3573.0,4095.0
639255,3987.0,4064.0,3662.0,2768.0,3348.0,1829.0,3563.0,4095.0
639355,3974.0,4077.0,3670.0,2753.0,3344.0,1835.0,3557.0,4095.0
639455,3983.0,4065.0,3657.0,2768.0,3372.0,1819.0,3559.0,4095.0
639555,3991.0,4087.0,3672.0,2768.0,3344.0,1832.0,3555.0,4095.0
639655,4094.0,4095.0,3648.0,2888.0,3346.0,1824.0,3560.0,4095.0
639755,3991.0,4091.0,3631.0,2811.0,3363.0,1821.0,3560.0,4095.0
639855,3974.0,4057.0,3648.0,2779.0,3337.0,1824.0,3569.0,4095.0
639955,3968.0,4039.0,3624.0,2795.0,3352.0,1824.0,3589.0,4095.0
640055,3960.0,4053.0,3760.0,2795.0,3356.0,1819.0,3564.0,4095.0
640155,3947.0,4057.0,3760.0,2784.0,3344.0,1831.0,3553.0,4095.0
640255,3968.0,4061.0,3728.0,2787.0,3356.0,1824.0,3590.0,4095.0
640355,3964.0,4072.0,3768.0,2801.0,3340.0,1820.0,3576.0,4095.0
640455,4095.0,4016.0,3643.0,2720.0,3341.0,1813.0,3563.0,4095.0
640555,3955.0,4087.0,3616.0,2784.0,3337.0,1819.0,3599.0,4095.0
640655,3995.0,4077.0,3678.0,2784.0,3336.0,1818.0,3599.0,4095.0
640755,4009.0,4059.0,3656.0,2786.0,3355.0,1820.0,3564.0,4095.0
640855,3978.0,4064.0,3680.0,2784.0,3344.0,1832.0,3547.0,4095.0
640955,3968.0,4072.0,3702.0,2767.0,3336.0,1821.0,3563.0,4095.0
641055,4015.0,4085.0,3616.0,2767.0,3358.0,1820.0,3563.0,4095.0
641155,3961.0,4093.0,3616.0,2832.0,3343.0,1819.0,3560.0,4095.0
641255,4005.0,4064.0,3648.0,2792.0,3354.0,1824.0,3551.0,4095.0
641355,3951.0,4055.0,3624.0,2776.0,3335.0,1811.0,3591.0,4095.0
641455,4024.0,4088.0,3644.0,2776.0,3355.0,1817.0,3564.0,4095.0
641555,3928.0,4095.0,3843.0,2712.0,3343.0,1827.0,3553.0,4095.0
641655,3947.0,4071.0,3632.0,2756.0,3341.0,1826.0,3553.0,4095.0
641755,3967.0,4072.0,3664.0,2779.0,3351.0,1820.0,3564.0,4095.0
641855,3944.0,4063.0,3604.0,2779.0,3340.0,1817.0,3559.0,4095.0
641955,3959.0,4072.0,3776.0,2768.0,3337.0,1829.0,3577.0,4095.0
642055,3939.0,4095.0,3616.0,2776.0,3344.0,1813.0,3555.0,4095.0
642155,3983.0,4086.0,3726.0,2768.0,3342.0,1833.0,3555.0,4095.0
642255,3973.0,4053.0,3660.0,2768.0,3344.0,1819.0,3555.0,4095.0
642355,3931.0,4035.0,3608.0,2848.0,3363.0,1824.0,3578.0,4095.0
642455,3935.0,4040.0,3612.0,2880.0,3367.0,1847.0,3576.0,4095.0
642555,3949.0,4045.0,3627.0,3059.0,3355.0,1848.0,3592.0,4095.0
642655,3936.0,4035.0,3673.0,3256.0,3350.0,1835.0,3577.0,4095.0
642755,3971.0,4063.0,3627.0,3323.0,3348.0,1832.0,3579.0,4095.0
642855,4033.0,4095.0,3488.0,3352.0,3351.0,1835.0,3613.0,4095.0
642955,3940.0,4048.0,3736.0,3296.0,3344.0,1834.0,3587.0,4095.0
643055,3913.0,4048.0,3612.0,3280.0,3351.0,1835.0,3575.0,4095.0
643155,4060.0,4039.0,3623.0,3240.0,3352.0,1833.0,3563.0,4095.0
643255,3931.0,4039.0,3608.0,3280.0,3360.0,1873.0,3603.0,4095.0
643355,3973.0,4095.0,3670.0,3320.0,3383.0,1890.0,3601.0,4095.0
643455,3936.0,4068.0,3735.0,3275.0,3356.0,1853.0,3577.0,4095.0
643555,3950.0,4077.0,3706.0,3273.0,3376.0,1927.0,3607.0,4095.0
643655,3935.0,4029.0,3663.0,3248.0,3380.0,1904.0,3605.0,4095.0
643755,3932.0,4039.0,3736.0,3248.0,3365.0,1860.0,3575.0,4095.0
643855,3920.0,4050.0,3767.0,3232.0,3351.0,1853.0,3599.0,4095.0
643955,3952.0,4055.0,3640.0,3232.0,3360.0,1863.0,3596.0,4095.0
644055,3918.0,4011.0,3632.0,3232.0,3361.0,1856.0,3595.0,4095.0
644155,3919.0,4066.0,3612.0,3215.0,3379.0,1840.0,3577.0,4095.0
644255,3936.0,4095.0,3608.0,3226.0,3352.0,1849.0,3587.0,4095.0
644355,3936.0,4056.0,3760.0,3243.0,3351.0,1848.0,3595.0,4095.0
644455,3915.0,4039.0,3608.0,3223.0,3351.0,1853.0,3591.0,4095.0
644555,3936.0,4048.0,3608.0,3243.0,3355.0,1837.0,3564.0,4095.0
644655,4024.0,4060.0,3616.0,3215.0,3345.0,1839.0,3603.0,4095.0
644755,4095.0,4000.0,3536.0,3168.0,3368.0,1833.0,3557.0,4095.0
644855,3936.0,4035.0,3728.0,3217.0,3360.0,1847.0,3561.0,4095.0
644955,3948.0,4028.0,3618.0,3200.0,3360.0,1847.0,3571.0,4095.0
645055,3936.0,4037.0,3744.0,3212.0,3395.0,1835.0,3574.0,4095.0
645155,3936.0,4053.0,3593.0,3209.0,3361.0,1845.0,3564.0,4095.0
645305,3991.0,4095.0,3712.0,3359.0,3366.0,1859.0,3571.0,4095.0
645305,3957.0,4047.0,3616.0,3228.0,3386.0,1845.0,3587.0,4095.0
645455,3932.0,4035.0,3671.0,3212.0,3374.0,1861.0,3571.0,4095.0
645555,3928.0,4023.0,3744.0,3191.0,3352.0,1864.0,3583.0,4095.0
645655,3944.0,4037.0,3622.0,3179.0,3365.0,1853.0,3580.0,4095.0
645755,3947.0,4056.0,3728.0,3192.0,3399.0,1849.0,3588.0,4095.0
645855,3915.0,4056.0,3612.0,3192.0,3369.0,1843.0,3577.0,4095.0
645955,3991.0,4095.0,3735.0,3351.0,3361.0,1840.0,3589.0,4095.0
646055,3931.0,4047.0,3592.0,3174.0,3362.0,1839.0,3568.0,4095.0
646155,3985.0,4055.0,3644.0,3203.0,3341.0,1851.0,3592.0,4095.0
646255,3944.0,4027.0,3728.0,3184.0,3363.0,1838.0,3568.0,4095.0
646355,3946.0,4043.0,3622.0,3175.0,3361.0,1837.0,3568.0,4095.0
646455,3953.0,4060.0,3616.0,3203.0,3347.0,1840.0,3589.0,4095.0
646555,3940.0,4055.0,3704.0,3173.0,3371.0,1836.0,3587.0,4095.0
646655,3942.0,4048.0,3616.0,3179.0,3354.0,1848.0,3561.0,4095.0
646755,3936.0,4056.0,3616.0,3192.0,3355.0,1839.0,3587.0,4095.0
646855,4095.0,4095.0,3536.0,3192.0,3356.0,1843.0,3566.0,4095.0
646955,3936.0,4043.0,3727.0,3169.0,3351.0,1836.0,3591.0,4095.0
647055,4095.0,3984.0,3649.0,3120.0,3371.0,1840.0,3592.0,4095.0
647155,4064.0,4079.0,3616.0,3184.0,3352.0,1837.0,3573.0,4095.0
647255,4072.0,3994.0,3723.0,3148.0,3371.0,1835.0,3568.0,4095.0
647355,4016.0,4027.0,3643.0,3163.0,3371.0,1835.0,3568.0,4095.0
647455,3856.0,4063.0,3851.0,3319.0,3345.0,1840.0,3566.0,4095.0
647555,3891.0,4077.0,3632.0,3168.0,3352.0,1841.0,3560.0,4095.0
647655,3928.0,4007.0,3640.0,3168.0,3347.0,1832.0,3593.0,4095.0
647755,3922.0,4024.0,3720.0,3168.0,3359.0,1831.0,3586.0,4095.0
647855,3932.0,4077.0,3646.0,3176.0,3337.0,1831.0,3591.0,4095.0
647955,3924.0,4053.0,3680.0,3168.0,3344.0,1827.0,3571.0,4095.0
648055,3916.0,4025.0,3704.0,3159.0,3363.0,1816.0,3565.0,4095.0
648155,3904.0,4024.0,3776.0,3184.0,3339.0,1818.0,3588.0,4095.0
648255,3904.0,4028.0,3632.0,3181.0,3344.0,1823.0,3571.0,4095.0
648355,3937.0,4021.0,3736.0,3168.0,3361.0,1820.0,3568.0,4095.0
648455,3916.0,4095.0,3802.0,3351.0,3376.0,1821.0,3565.0,4095.0
648555,3968.0,4049.0,3616.0,3165.0,3335.0,1820.0,3587.0,4095.0
648655,3959.0,4066.0,3616.0,3193.0,3349.0,1816.0,3574.0,4095.0
648755,3936.0,4023.0,3616.0,3160.0,3355.0,1816.0,3569.0,4095.0
648905,3911.0,4024.0,3616.0,3168.0,3351.0,1813.0,3552.0,4095.0
649055,3936.0,4063.0,3744.0,3159.0,3336.0,1819.0,3573.0,4095.0
649155,3942.0,4056.0,3696.0,3168.0,3367.0,1817.0,3562.0,4095.0
649255,3949.0,4043.0,3664.0,3161.0,3365.0,1820.0,3556.0,4095.0
649355,3936.0,4079.0,3616.0,3187.0,3339.0,1817.0,3573.0,4095.0
649455,3969.0,4049.0,3648.0,3174.0,3351.0,1818.0,3589.0,4095.0
649555,3953.0,4076.0,3616.0,3177.0,3365.0,1820.0,3552.0,4095.0
649655,3950.0,4027.0,3656.0,3155.0,3361.0,1821.0,3549.0,4095.0
649805,3985.0,4048.0,3676.0,3168.0,3335.0,1816.0,3560.0,4095.0
649905,3993.0,4043.0,3616.0,3216.0,3341.0,1819.0,3577.0,4095.0
650005,3936.0,4051.0,3744.0,3173.0,3349.0,1820.0,3565.0,4095.0
650255,3936.0,4060.0,3772.0,3171.0,3347.0,1820.0,3561.0,4095.0
650505,3936.0,4027.0,3744.0,3161.0,3371.0,1818.0,3558.0,4095.0
650605,3936.0,4093.0,3608.0,3136.0,3351.0,1818.0,3543.0,4095.0
650705,3932.0,4033.0,3744.0,3136.0,3380.0,1832.0,3560.0,4095.0
650805,3936.0,4040.0,3712.0,3155.0,3352.0,1825.0,3557.0,4095.0
650905,3971.0,4063.0,3632.0,3128.0,3339.0,1818.0,3548.0,4095.0
651055,4008.0,4066.0,3616.0,3132.0,3350.0,1829.0,3545.0,4095.0
651155,3962.0,4037.0,3600.0,3120.0,3367.0,1820.0,3561.0,4095.0
651255,4024.0,4056.0,3621.0,3111.0,3352.0,1827.0,3555.0,4095.0
651355,3957.0,4048.0,3692.0,3120.0,3360.0,1824.0,3576.0,4095.0
651455,3919.0,4060.0,3608.0,3120.0,3355.0,1815.0,3552.0,4095.0
651555,3992.0,4056.0,3630.0,3120.0,3343.0,1827.0,3563.0,4095.0
651655,3959.0,4025.0,3600.0,3120.0,3352.0,1815.0,3543.0,4095.0
651755,3911.0,4024.0,3608.0,3120.0,3343.0,1832.0,3553.0,4095.0
651855,3939.0,4091.0,3608.0,3147.0,3352.0,1831.0,3544.0,4095.0
651955,3989.0,4064.0,3615.0,3163.0,3365.0,1820.0,3556.0,4095.0
652055,3940.0,4048.0,3613.0,3112.0,3361.0,1823.0,3561.0,4095.0
652155,3945.0,4027.0,3619.0,3136.0,3356.0,1818.0,3548.0,4095.0
652255,3955.0,4091.0,3644.0,3120.0,3337.0,1821.0,3565.0,4095.0
652355,3948.0,4047.0,3703.0,3136.0,3367.0,1819.0,3550.0,4095.0
652455,4095.0,4095.0,3520.0,3152.0,3344.0,1828.0,3541.0,4095.0
652555,3921.0,4027.0,3608.0,3136.0,3344.0,1815.0,3539.0,4095.0
652655,3864.0,4095.0,3819.0,3307.0,3355.0,1820.0,3548.0,4095.0
652755,3934.0,4035.0,3608.0,3151.0,3381.0,1820.0,3555.0,4095.0
652855,3946.0,4023.0,3710.0,3131.0,3350.0,1833.0,3544.0,4095.0
652955,3949.0,4056.0,3680.0,3148.0,3342.0,1827.0,3563.0,4095.0
653055,3936.0,4070.0,3724.0,3151.0,3332.0,1813.0,3563.0,4095.0
653155,4095.0,4095.0,3568.0,3168.0,3368.0,1824.0,3560.0,4095.0
653255,3936.0,4043.0,3610.0,3131.0,3352.0,1816.0,3551.0,4095.0
653355,3915.0,4023.0,3744.0,3136.0,3347.0,1821.0,3544.0,4095.0
653455,3936.0,4023.0,3600.0,3144.0,3342.0,1823.0,3577.0,4095.0
653555,3975.0,4068.0,3616.0,3149.0,3371.0,1817.0,3556.0,4095.0
653655,3912.0,4087.0,3608.0,3105.0,3365.0,1812.0,3554.0,4095.0
653855,3949.0,4041.0,3696.0,3120.0,3368.0,1832.0,3560.0,4095.0
654005,3911.0,4023.0,3772.0,3120.0,3335.0,1819.0,3560.0,4095.0
654105,3957.0,4043.0,3663.0,3104.0,3351.0,1815.0,3555.0,4095.0
654205,3949.0,4056.0,3648.0,3120.0,3365.0,1821.0,3556.0,4095.0
654305,3932.0,4049.0,3608.0,3127.0,3363.0,1815.0,3552.0,4095.0
654455,3915.0,4064.0,3644.0,3104.0,3369.0,1817.0,3556.0,4095.0
654555,3870.0,4095.0,3797.0,3255.0,3344.0,1828.0,3548.0,4095.0
654655,3952.0,4040.0,3583.0,3119.0,3369.0,1821.0,3558.0,4095.0
654755,3932.0,4043.0,3710.0,3116.0,3339.0,1835.0,3571.0,4095.0
654855,3927.0,4088.0,3608.0,3095.0,3384.0,1824.0,3555.0,4095.0
654955,3953.0,4087.0,3616.0,3129.0,3352.0,1819.0,3565.0,4095.0
655055,3929.0,4066.0,3608.0,3176.0,3355.0,1815.0,3549.0,4095.0
655155,3953.0,4045.0,3612.0,3104.0,3349.0,1821.0,3561.0,4095.0
655255,3942.0,4077.0,3610.0,3136.0,3365.0,1823.0,3554.0,4095.0
655355,3947.0,4056.0,3663.0,3136.0,3365.0,1835.0,3547.0,4095.0
655455,3969.0,4056.0,3624.0,3136.0,3351.0,1820.0,3543.0,4095.0
655705,3936.0,4056.0,3608.0,3192.0,3344.0,1830.0,3553.0,4095.0
655805,3900.0,4071.0,3807.0,3255.0,3352.0,1824.0,3552.0,4095.0
656005,3949.0,4039.0,3648.0,3136.0,3355.0,1815.0,3560.0,4095.0
656105,3948.0,4056.0,3619.0,3133.0,3349.0,1813.0,3541.0,4095.0
656355,3963.0,4063.0,3612.0,3159.0,3373.0,1816.0,3550.0,4095.0
656455,4048.0,4067.0,3743.0,3119.0,3352.0,1813.0,3544.0,4095.0
656605,3963.0,4055.0,3616.0,3164.0,3361.0,1816.0,3555.0,4095.0
656705,4072.0,4095.0,3747.0,3112.0,3351.0,1817.0,3545.0,4095.0
656805,3911.0,4023.0,3604.0,3155.0,3350.0,1832.0,3545.0,4095.0
656905,3907.0,4043.0,3600.0,3132.0,3352.0,1820.0,3539.0,4095.0
657005,3938.0,4044.0,3663.0,3136.0,3355.0,1822.0,3547.0,4095.0
657105,3976.0,4059.0,3632.0,3142.0,3357.0,1815.0,3552.0,4095.0
657205,3959.0,4093.0,3664.0,3104.0,3351.0,1816.0,3559.0,4095.0
657355,3953.0,4037.0,3711.0,3079.0,3376.0,1809.0,3575.0,4095.0
657455,3921.0,4024.0,3608.0,3063.0,3339.0,1820.0,3567.0,4095.0
657605,3884.0,4095.0,3823.0,3193.0,3340.0,1814.0,3587.0,4095.0
657705,3936.0,4023.0,3744.0,3096.0,3352.0,1813.0,3543.0,4095.0
657805,3942.0,4043.0,3612.0,3059.0,3385.0,1813.0,3550.0,4095.0
657905,3944.0,4048.0,3672.0,3072.0,3363.0,1816.0,3559.0,4095.0
658005,3936.0,4023.0,3664.0,3098.0,3376.0,1816.0,3575.0,4095.0
658255,3936.0,4029.0,3712.0,3087.0,3361.0,1821.0,3554.0,4095.0
658405,3932.0,4048.0,3710.0,3087.0,3360.0,1828.0,3547.0,4095.0
658555,3961.0,4035.0,3616.0,3068.0,3369.0,1816.0,3552.0,4095.0
658655,3936.0,4044.0,3599.0,3078.0,3361.0,1831.0,3547.0,4095.0
658755,3864.0,4095.0,3815.0,3199.0,3352.0,1816.0,3547.0,4095.0
658855,4064.0,4065.0,3743.0,3008.0,3357.0,1823.0,3552.0,4095.0
658955,3938.0,4024.0,3610.0,3049.0,3353.0,1832.0,3543.0,4095.0
659055,3947.0,4092.0,3600.0,3087.0,3352.0,1817.0,3543.0,4095.0
659155,3953.0,4065.0,3616.0,3056.0,3365.0,1814.0,3569.0,4095.0
659255,3944.0,4056.0,3672.0,3043.0,3356.0,1820.0,3547.0,4095.0
659355,3932.0,4075.0,3600.0,3087.0,3355.0,1807.0,3544.0,4095.0
659455,3932.0,4036.0,3744.0,3060.0,3358.0,1816.0,3551.0,4095.0
659555,3953.0,4035.0,3600.0,3062.0,3363.0,1811.0,3552.0,4095.0
659655,3938.0,4048.0,3615.0,3056.0,3371.0,1814.0,3560.0,4095.0
659755,3915.0,4039.0,3600.0,3096.0,3379.0,1817.0,3549.0,4095.0
659855,3968.0,4041.0,3600.0,3056.0,3374.0,1803.0,3549.0,4095.0
659955,3928.0,4069.0,3696.0,3148.0,3361.0,1807.0,3552.0,4095.0
660055,3940.0,4056.0,3680.0,3044.0,3347.0,1817.0,3589.0,4095.0
660155,3952.0,4028.0,3600.0,3056.0,3396.0,1807.0,3556.0,4095.0
660255,3932.0,4023.0,3608.0,3068.0,3413.0,1806.0,3560.0,4095.0
660355,3942.0,4059.0,3632.0,3056.0,3382.0,1809.0,3540.0,4095.0
660455,4095.0,3960.0,3655.0,2992.0,3387.0,1807.0,3541.0,4095.0
660555,3948.0,4076.0,3600.0,3056.0,3373.0,1804.0,3569.0,4095.0
660655,3932.0,4025.0,3610.0,3047.0,3373.0,1819.0,3547.0,4095.0
660755,3949.0,4044.0,3617.0,3041.0,3382.0,1815.0,3539.0,4095.0
660855,3936.0,4043.0,3608.0,3064.0,3415.0,1801.0,3557.0,4095.0
660955,3932.0,4083.0,3710.0,3072.0,3376.0,1802.0,3539.0,4095.0
661055,3936.0,4095.0,3604.0,3043.0,3401.0,1804.0,3557.0,4095.0
661155,3935.0,4023.0,3600.0,3056.0,3368.0,1811.0,3564.0,4095.0
661255,3949.0,4039.0,3616.0,3064.0,3360.0,1815.0,3589.0,4095.0
661355,3963.0,4063.0,3608.0,3061.0,3399.0,1824.0,3563.0,4095.0
661455,3911.0,4056.0,3599.0,3104.0,3359.0,1832.0,3545.0,4095.0
661555,3941.0,4045.0,3696.0,3056.0,3368.0,1815.0,3547.0,4095.0
661655,3896.0,4095.0,3792.0,3235.0,3365.0,1824.0,3551.0,4095.0
661755,3909.0,4022.0,3600.0,3070.0,3360.0,1831.0,3547.0,4095.0
661855,3963.0,4047.0,3627.0,3056.0,3369.0,1827.0,3551.0,4095.0
661955,3909.0,4043.0,3657.0,3043.0,3351.0,1820.0,3543.0,4095.0
662055,3919.0,4046.0,3768.0,3041.0,3383.0,1819.0,3552.0,4095.0
662155,3935.0,4048.0,3585.0,3055.0,3375.0,1816.0,3543.0,4095.0
662255,3914.0,4095.0,3760.0,3223.0,3367.0,1816.0,3561.0,4095.0
662355,3936.0,4023.0,3635.0,3040.0,3363.0,1811.0,3560.0,4095.0
662455,3981.0,4071.0,3616.0,3126.0,3363.0,1824.0,3557.0,4095.0
662555,3980.0,4034.0,3759.0,3079.0,3376.0,1824.0,3558.0,4095.0
662655,3979.0,4048.0,3639.0,3040.0,3359.0,1819.0,3564.0,4095.0
662755,3909.0,4024.0,3756.0,3031.0,3400.0,1815.0,3556.0,4095.0
662855,3911.0,4023.0,3600.0,3027.0,3363.0,1816.0,3591.0,4095.0
662955,3923.0,4051.0,3611.0,3055.0,3373.0,1821.0,3547.0,4095.0
663055,4000.0,4091.0,3751.0,3071.0,3359.0,1819.0,3569.0,4095.0
663155,3914.0,4064.0,3605.0,3034.0,3372.0,1816.0,3552.0,4095.0
663255,3938.0,4037.0,3617.0,3056.0,3360.0,1819.0,3573.0,4095.0
663355,3947.0,4045.0,3632.0,3040.0,3372.0,1821.0,3545.0,4095.0
663455,3920.0,4055.0,3600.0,3071.0,3370.0,1815.0,3547.0,4095.0
663555,3920.0,4047.0,3604.0,3079.0,3379.0,1813.0,3552.0,4095.0
663655,3888.0,4071.0,3800.0,3143.0,3347.0,1821.0,3575.0,4095.0
663755,3920.0,4083.0,3584.0,3048.0,3352.0,1821.0,3559.0,4095.0
663855,4012.0,4027.0,3629.0,3056.0,3363.0,1823.0,3552.0,4095.0
663955,3920.0,4047.0,3736.0,3136.0,3349.0,1832.0,3577.0,4095.0
664055,3932.0,4033.0,3706.0,3056.0,3358.0,1837.0,3555.0,4095.0
664155,3932.0,4079.0,3608.0,3049.0,3371.0,1825.0,3560.0,4095.0
664255,3939.0,4060.0,3670.0,3039.0,3377.0,1831.0,3560.0,4095.0
664355,3920.0,4094.0,3600.0,3052.0,3352.0,1829.0,3556.0,4095.0
664455,3896.0,4095.0,3776.0,3223.0,3347.0,1832.0,3545.0,4095.0
664555,3928.0,4060.0,3600.0,3136.0,3381.0,1823.0,3558.0,4095.0
664655,3932.0,4039.0,3608.0,3028.0,3349.0,1820.0,3572.0,4095.0
664755,3862.0,4095.0,3760.0,3024.0,3353.0,1821.0,3571.0,4095.0
664855,3920.0,4023.0,3600.0,3040.0,3347.0,1823.0,3571.0,4095.0
664955,3963.0,4039.0,3624.0,3040.0,3370.0,1817.0,3545.0,4095.0
665055,3943.0,4023.0,3648.0,3031.0,3372.0,1821.0,3544.0,4095.0
665155,3928.0,4077.0,3688.0,3086.0,3359.0,1816.0,3571.0,4095.0
665255,3928.0,4043.0,3600.0,3046.0,3359.0,1816.0,3591.0,4095.0
665355,3928.0,4025.0,3708.0,3031.0,3383.0,1816.0,3552.0,4095.0
665455,3968.0,4088.0,3600.0,3040.0,3384.0,1815.0,3552.0,4095.0
665655,3915.0,4056.0,3600.0,3040.0,3391.0,1813.0,3554.0,4095.0
665855,4055.0,4095.0,3584.0,3184.0,3384.0,1811.0,3552.0,4095.0
665955,3928.0,4048.0,3672.0,3065.0,3360.0,1817.0,3569.0,4095.0
666055,3945.0,4035.0,3696.0,3031.0,3381.0,1815.0,3558.0,4095.0
666155,3907.0,4039.0,3600.0,3040.0,3403.0,1815.0,3552.0,4095.0
666255,3939.0,4095.0,3744.0,3211.0,3376.0,1817.0,3560.0,4095.0
666355,3872.0,4095.0,3797.0,3207.0,3376.0,1818.0,3561.0,4095.0
666455,4056.0,4056.0,3632.0,3054.0,3360.0,1815.0,3539.0,4095.0
666555,3920.0,4055.0,3783.0,3119.0,3371.0,1815.0,3547.0,4095.0
666655,3928.0,4056.0,3712.0,3120.0,3353.0,1816.0,3555.0,4095.0
666755,3917.0,4063.0,3752.0,3040.0,3355.0,1830.0,3551.0,4095.0
666855,3862.0,4095.0,3809.0,3203.0,3384.0,1809.0,3551.0,4095.0
666955,3920.0,4035.0,3728.0,3136.0,3359.0,1828.0,3539.0,4095.0
667055,3928.0,4020.0,3708.0,3067.0,3379.0,1817.0,3544.0,4095.0
667155,3904.0,4095.0,3783.0,3127.0,3369.0,1816.0,3547.0,4095.0
667255,4095.0,3968.0,3568.0,3159.0,3365.0,1824.0,3539.0,4095.0
667355,3936.0,4045.0,3578.0,3028.0,3351.0,1818.0,3561.0,4095.0
667455,3919.0,4063.0,3599.0,3023.0,3362.0,1833.0,3537.0,4095.0
667555,3920.0,4047.0,3720.0,3064.0,3365.0,1815.0,3543.0,4095.0
667655,3920.0,4023.0,3752.0,3046.0,3349.0,1818.0,3563.0,4095.0
667755,3963.0,4052.0,3614.0,3073.0,3347.0,1819.0,3561.0,4095.0
667855,3943.0,4067.0,3632.0,3031.0,3351.0,1820.0,3561.0,4095.0
667955,3901.0,4029.0,3600.0,3040.0,3361.0,1820.0,3546.0,4095.0
668055,3905.0,4057.0,3760.0,3040.0,3355.0,1822.0,3573.0,4095.0
668155,4008.0,4067.0,3630.0,3023.0,3387.0,1822.0,3546.0,4095.0
668255,3955.0,4043.0,3632.0,3040.0,3372.0,1826.0,3551.0,4095.0
668355,4087.0,4095.0,3536.0,3181.0,3352.0,1828.0,3548.0,4095.0
668455,3932.0,4093.0,3708.0,3040.0,3347.0,1819.0,3563.0,4095.0
668555,3928.0,4048.0,3612.0,3065.0,3367.0,1818.0,3548.0,4095.0
668655,3920.0,4052.0,3768.0,3040.0,3345.0,1821.0,3561.0,4095.0
668755,3920.0,4040.0,3728.0,3055.0,3345.0,1828.0,3543.0,4095.0
668855,3877.0,4043.0,3576.0,3040.0,3349.0,1832.0,3579.0,4095.0
668955,3872.0,4095.0,3832.0,3167.0,3345.0,1824.0,3539.0,4095.0
669055,3936.0,4081.0,3758.0,3052.0,3341.0,1827.0,3564.0,4095.0
669155,3936.0,4069.0,3616.0,3051.0,3344.0,1828.0,3549.0,4095.0
669255,3915.0,4091.0,3616.0,3056.0,3344.0,1832.0,3541.0,4095.0
669355,3936.0,4095.0,3744.0,3064.0,3348.0,1833.0,3539.0,4095.0
669455,3936.0,4092.0,3776.0,3063.0,3353.0,1831.0,3547.0,4095.0
669555,3872.0,4095.0,3819.0,3137.0,3360.0,1831.0,3574.0,4095.0
669655,3981.0,4080.0,3674.0,3046.0,3343.0,1832.0,3564.0,4095.0
669755,3944.0,4049.0,3712.0,3040.0,3361.0,1847.0,3547.0,4095.0
669855,3971.0,4089.0,3632.0,3040.0,3355.0,1835.0,3552.0,4095.0
669955,3948.0,4047.0,3675.0,3040.0,3343.0,1836.0,3569.0,4095.0
670055,3936.0,4061.0,3742.0,3051.0,3363.0,1833.0,3552.0,4095.0
670155,3936.0,4067.0,3616.0,3118.0,3371.0,1837.0,3552.0,4095.0
670255,3976.0,4095.0,3691.0,3040.0,3357.0,1831.0,3560.0,4095.0
670355,3936.0,4072.0,3624.0,3049.0,3335.0,1843.0,3566.0,4095.0
670455,3948.0,4061.0,3724.0,3027.0,3344.0,1835.0,3547.0,4095.0
670555,3960.0,4059.0,3641.0,3027.0,3355.0,1844.0,3547.0,4095.0
670655,3963.0,4095.0,3680.0,3040.0,3348.0,1843.0,3541.0,4095.0
670755,3957.0,4049.0,3630.0,3025.0,3353.0,1844.0,3544.0,4095.0
670855,3936.0,4064.0,3752.0,3051.0,3345.0,1840.0,3555.0,4095.0
670955,3936.0,4063.0,3616.0,3047.0,3339.0,1835.0,3559.0,4095.0
671055,3856.0,4095.0,3631.0,3128.0,3351.0,1846.0,3560.0,4095.0
671155,3936.0,4083.0,3694.0,3030.0,3359.0,1865.0,3550.0,4095.0
671255,3948.0,4062.0,3720.0,3024.0,3355.0,1877.0,3571.0,4095.0
671355,4095.0,4095.0,3655.0,2968.0,3360.0,1896.0,3608.0,4095.0
671455,3982.0,4032.0,3615.0,3175.0,3368.0,1896.0,3561.0,4095.0
671555,3927.0,4068.0,3616.0,3048.0,3366.0,1884.0,3569.0,4095.0
671655,3944.0,4049.0,3602.0,3029.0,3373.0,1916.0,3611.0,4095.0
671755,3936.0,4081.0,3616.0,3061.0,3355.0,1881.0,3578.0,4095.0
671855,3944.0,4056.0,3612.0,3141.0,3361.0,1864.0,3565.0,4095.0
671955,4048.0,4080.0,3632.0,3168.0,3369.0,1859.0,3552.0,4095.0
672055,3952.0,4076.0,3772.0,3152.0,3351.0,1883.0,3559.0,4095.0
672155,3952.0,4047.0,3612.0,3152.0,3365.0,1875.0,3552.0,4095.0
672255,3928.0,4095.0,3608.0,3136.0,3404.0,1905.0,3568.0,4095.0
672355,3952.0,4049.0,3728.0,3109.0,3348.0,1888.0,3576.0,4095.0
672455,3964.0,4080.0,3612.0,3128.0,3359.0,1901.0,3607.0,4095.0
672555,4075.0,4095.0,3632.0,3239.0,3387.0,1911.0,3568.0,4095.0
672655,3959.0,4061.0,3704.0,3120.0,3344.0,1854.0,3591.0,4095.0
672755,3944.0,4049.0,3612.0,3115.0,3356.0,1883.0,3572.0,4095.0
672855,4044.0,4083.0,3761.0,3079.0,3376.0,1903.0,3592.0,4095.0
672955,3971.0,4043.0,3712.0,3064.0,3367.0,1852.0,3556.0,4095.0
673055,3952.0,4044.0,3724.0,3037.0,3367.0,1863.0,3551.0,4095.0
673155,3944.0,4086.0,3744.0,3071.0,3361.0,1854.0,3549.0,4095.0
673255,3950.0,4051.0,3708.0,3056.0,3369.0,1867.0,3565.0,4095.0
673355,3976.0,4057.0,3612.0,3056.0,3355.0,1861.0,3545.0,4095.0
673455,3976.0,4095.0,3612.0,3060.0,3383.0,1848.0,3550.0,4095.0
673555,3952.0,4084.0,3728.0,3041.0,3361.0,1847.0,3548.0,4095.0
673655,3944.0,4059.0,3612.0,3072.0,3358.0,1874.0,3547.0,4095.0
673755,3944.0,4093.0,3712.0,3084.0,3340.0,1856.0,3571.0,4095.0
673855,3936.0,4053.0,3752.0,3087.0,3349.0,1865.0,3589.0,4095.0
673955,3936.0,4064.0,3770.0,3056.0,3356.0,1841.0,3552.0,4095.0
674055,4056.0,4095.0,3735.0,3047.0,3339.0,1844.0,3543.0,4095.0
674155,3944.0,4059.0,3691.0,3056.0,3349.0,1847.0,3535.0,4095.0
674255,3936.0,4095.0,3768.0,3056.0,3350.0,1863.0,3535.0,4095.0
674355,3944.0,4049.0,3758.0,3101.0,3343.0,1847.0,3561.0,4095.0
674455,4095.0,4095.0,3520.0,3136.0,3343.0,1841.0,3566.0,4095.0
674555,3952.0,4064.0,3744.0,3056.0,3379.0,1840.0,3545.0,4095.0
674655,3979.0,4082.0,3644.0,3056.0,3342.0,1839.0,3528.0,4095.0
674755,3944.0,4064.0,3680.0,3056.0,3331.0,1838.0,3553.0,4095.0
674855,3952.0,4084.0,3664.0,3075.0,3367.0,1835.0,3542.0,4095.0
674955,3944.0,4051.0,3728.0,3056.0,3357.0,1845.0,3536.0,4095.0
675055,3936.0,4059.0,3742.0,3094.0,3355.0,1849.0,3540.0,4095.0
675155,3936.0,4063.0,3744.0,3040.0,3363.0,1902.0,3560.0,4095.0
675255,3965.0,4087.0,3608.0,3033.0,3368.0,1879.0,3559.0,4095.0
675355,3979.0,4088.0,3680.0,3060.0,3345.0,1845.0,3537.0,4095.0
675455,4072.0,4063.0,3621.0,3039.0,3331.0,1840.0,3559.0,4095.0
675555,3976.0,4049.0,3624.0,3040.0,3337.0,1836.0,3563.0,4095.0
675655,3950.0,4071.0,3624.0,3040.0,3361.0,1840.0,3536.0,4095.0
675755,4095.0,4064.0,3532.0,3100.0,3332.0,1861.0,3553.0,4095.0
675855,3945.0,4047.0,3607.0,3030.0,3346.0,1853.0,3535.0,4095.0
675955,3952.0,4095.0,3612.0,3022.0,3343.0,1849.0,3541.0,4095.0
676055,3975.0,4045.0,3660.0,3040.0,3361.0,1848.0,3547.0,4095.0
676155,3936.0,4095.0,3608.0,3049.0,3357.0,1847.0,3544.0,4095.0
676255,3944.0,4087.0,3708.0,3025.0,3342.0,1852.0,3555.0,4095.0
676355,3944.0,4047.0,3712.0,3029.0,3347.0,1873.0,3558.0,4095.0
676455,4072.0,4095.0,3678.0,3040.0,3347.0,1864.0,3555.0,4095.0
676555,4095.0,4069.0,3689.0,2988.0,3357.0,1863.0,3543.0,4095.0
676655,3936.0,4047.0,3744.0,3040.0,3354.0,1864.0,3533.0,4095.0
676755,3936.0,4064.0,3712.0,3053.0,3347.0,1856.0,3553.0,4095.0
676855,3944.0,4072.0,3660.0,3048.0,3357.0,1867.0,3533.0,4095.0
676955,3973.0,4043.0,3662.0,3040.0,3376.0,1859.0,3552.0,4095.0
677055,3936.0,4043.0,3772.0,3039.0,3349.0,1848.0,3535.0,4095.0
677155,3948.0,4076.0,3692.0,3024.0,3340.0,1853.0,3528.0,4095.0
677255,3936.0,4095.0,3616.0,3120.0,3342.0,1860.0,3528.0,4095.0
677355,4072.0,4055.0,3680.0,3019.0,3367.0,1838.0,3536.0,4095.0
677455,4026.0,4045.0,3636.0,3024.0,3342.0,1843.0,3527.0,4095.0
677555,3952.0,4061.0,3738.0,2999.0,3364.0,1849.0,3544.0,4095.0
677655,3928.0,4041.0,3600.0,3036.0,3349.0,1848.0,3549.0,4095.0
677755,3928.0,4060.0,3612.0,3032.0,3331.0,1848.0,3553.0,4095.0
677855,3957.0,4035.0,3631.0,3039.0,3337.0,1853.0,3560.0,4095.0
677955,3928.0,4033.0,3704.0,3008.0,3331.0,1847.0,3561.0,4095.0
678055,3920.0,4020.0,3724.0,2983.0,3335.0,1843.0,3561.0,4095.0
678155,3904.0,4065.0,3576.0,3000.0,3351.0,1846.0,3537.0,4095.0
678255,3914.0,4019.0,3704.0,2992.0,3351.0,1837.0,3533.0,4095.0
678355,4000.0,4045.0,3592.0,2992.0,3345.0,1839.0,3545.0,4095.0
678455,3899.0,3985.0,3676.0,2976.0,3361.0,1865.0,3544.0,4095.0
678555,4016.0,4072.0,3660.0,2975.0,3361.0,1860.0,3544.0,4095.0
678655,3928.0,4071.0,3624.0,3001.0,3332.0,1840.0,3560.0,4095.0
678755,4032.0,4040.0,3648.0,2976.0,3336.0,1838.0,3535.0,4095.0
678855,4016.0,4081.0,3633.0,2992.0,3340.0,1843.0,3531.0,4095.0
678955,3936.0,4051.0,3744.0,2992.0,3351.0,1832.0,3546.0,4095.0
679055,3945.0,4078.0,3632.0,3009.0,3340.0,1836.0,3575.0,4095.0
679155,4072.0,4082.0,3704.0,2969.0,3340.0,1843.0,3565.0,4095.0
679255,3944.0,4064.0,3744.0,3024.0,3333.0,1835.0,3556.0,4095.0
679355,3962.0,4065.0,3712.0,2976.0,3331.0,1839.0,3547.0,4095.0
679455,4032.0,4056.0,3680.0,2967.0,3347.0,1843.0,3555.0,4095.0
679555,3943.0,4095.0,3786.0,3159.0,3336.0,1833.0,3529.0,4095.0
679655,3936.0,4064.0,3760.0,3084.0,3331.0,1852.0,3551.0,4095.0
679755,3936.0,4055.0,3776.0,3038.0,3352.0,1838.0,3550.0,4095.0
679855,3900.0,4095.0,3831.0,3159.0,3333.0,1831.0,3544.0,4095.0
679955,4015.0,3995.0,3826.0,3059.0,3341.0,1841.0,3528.0,4095.0
680055,3959.0,4095.0,3760.0,3159.0,3336.0,1837.0,3529.0,4095.0
680155,4091.0,3993.0,3631.0,3007.0,3321.0,1847.0,3551.0,4095.0
680255,3939.0,4065.0,3615.0,3094.0,3357.0,1839.0,3536.0,4095.0
680405,3952.0,4095.0,3632.0,3000.0,3346.0,1847.0,3532.0,4095.0
680505,3960.0,4056.0,3712.0,2976.0,3347.0,1840.0,3543.0,4095.0
680655,3975.0,4095.0,3679.0,3005.0,3325.0,1835.0,3544.0,4095.0
680755,4044.0,4056.0,3712.0,2992.0,3340.0,1833.0,3528.0,4095.0
680855,3952.0,4055.0,3736.0,2971.0,3367.0,1842.0,3536.0,4095.0
680955,3952.0,4075.0,3740.0,3006.0,3353.0,1837.0,3536.0,4095.0
681055,4030.0,4075.0,3680.0,2975.0,3347.0,1831.0,3535.0,4095.0
681155,3960.0,4053.0,3744.0,2976.0,3343.0,1833.0,3542.0,4095.0
681255,3971.0,4093.0,3752.0,2992.0,3323.0,1834.0,3544.0,4095.0
681355,4000.0,4054.0,3787.0,3017.0,3353.0,1837.0,3536.0,4095.0
681455,4095.0,4092.0,3596.0,2990.0,3341.0,1835.0,3541.0,4095.0
681555,3886.0,4095.0,3843.0,3143.0,3343.0,1832.0,3543.0,4095.0
681655,3886.0,4066.0,3552.0,3025.0,3333.0,1840.0,3551.0,4095.0
681755,3952.0,4066.0,3758.0,3003.0,3340.0,1840.0,3553.0,4095.0
681855,3960.0,4091.0,3632.0,2976.0,3339.0,1849.0,3573.0,4095.0
681955,3952.0,4079.0,3744.0,2967.0,3340.0,1851.0,3565.0,4095.0
682055,3952.0,4095.0,3744.0,2989.0,3340.0,1846.0,3549.0,4095.0
682155,3920.0,4095.0,3833.0,3095.0,3325.0,1848.0,3527.0,4095.0
682255,4011.0,4080.0,3640.0,3034.0,3340.0,1847.0,3555.0,4095.0
682355,4047.0,4095.0,3696.0,3143.0,3356.0,1841.0,3548.0,4095.0
682455,3975.0,4060.0,3736.0,2984.0,3340.0,1845.0,3533.0,4095.0
682555,3872.0,4095.0,3835.0,3099.0,3349.0,1847.0,3563.0,4095.0
682655,3991.0,4095.0,3744.0,3151.0,3341.0,1852.0,3535.0,4095.0
682755,4095.0,4057.0,3734.0,2976.0,3331.0,1846.0,3553.0,4095.0
682855,3971.0,4063.0,3696.0,2976.0,3345.0,1842.0,3529.0,4095.0
682955,3952.0,4065.0,3640.0,2992.0,3352.0,1848.0,3535.0,4095.0
683055,3952.0,4080.0,3632.0,2984.0,3328.0,1849.0,3557.0,4095.0
683155,3975.0,4095.0,3759.0,3151.0,3337.0,1840.0,3531.0,4095.0
683255,4055.0,4095.0,3676.0,3133.0,3344.0,1839.0,3543.0,4095.0
683355,4095.0,4095.0,3608.0,3096.0,3324.0,1854.0,3529.0,4095.0
683455,4095.0,4020.0,3735.0,2943.0,3332.0,1835.0,3540.0,4095.0
683555,4080.0,4044.0,3751.0,2944.0,3344.0,1844.0,3544.0,4095.0
683655,4095.0,4000.0,3649.0,2928.0,3344.0,1848.0,3548.0,4095.0
683755,3991.0,4095.0,3742.0,3143.0,3352.0,1849.0,3547.0,4095.0
683855,3880.0,4095.0,3847.0,3111.0,3344.0,1844.0,3543.0,4095.0
683955,4032.0,4095.0,3817.0,2944.0,3344.0,1852.0,3543.0,4095.0
684055,3880.0,4095.0,3841.0,3105.0,3321.0,1843.0,3547.0,4095.0
684155,3987.0,4095.0,3827.0,2904.0,3357.0,1839.0,3535.0,4095.0
684255,3967.0,4010.0,3633.0,2975.0,3336.0,1839.0,3527.0,4095.0
684355,3935.0,4095.0,3788.0,3137.0,3348.0,1848.0,3535.0,4095.0
684455,3904.0,4095.0,3851.0,3051.0,3328.0,1840.0,3571.0,4095.0
684555,3952.0,4079.0,3632.0,2985.0,3344.0,1844.0,3546.0,4095.0
684655,3956.0,4072.0,3736.0,2960.0,3347.0,1833.0,3533.0,4095.0
684755,3952.0,4071.0,3776.0,2993.0,3344.0,1834.0,3544.0,4095.0
684855,4095.0,4095.0,3608.0,3090.0,3371.0,1831.0,3536.0,4095.0
684955,3952.0,4075.0,3632.0,2977.0,3333.0,1834.0,3539.0,4095.0
685055,3904.0,4095.0,3770.0,3087.0,3339.0,1833.0,3528.0,4095.0
685155,4022.0,4073.0,3791.0,2975.0,3335.0,1840.0,3527.0,4095.0
685255,3991.0,4063.0,3692.0,2960.0,3328.0,1832.0,3547.0,4095.0
685355,3960.0,4063.0,3645.0,2972.0,3337.0,1843.0,3538.0,4095.0
685455,3952.0,4063.0,3776.0,2987.0,3323.0,1840.0,3540.0,4095.0
685555,3952.0,4080.0,3790.0,3040.0,3352.0,1835.0,3536.0,4095.0
685655,3991.0,4080.0,3659.0,2970.0,3355.0,1848.0,3536.0,4095.0
685755,3958.0,4063.0,3632.0,2960.0,3328.0,1835.0,3561.0,4095.0
685855,3952.0,4063.0,3632.0,2941.0,3341.0,1835.0,3541.0,4095.0
685955,3995.0,4080.0,3643.0,2968.0,3357.0,1843.0,3536.0,4095.0
686055,3962.0,4051.0,3744.0,2960.0,3340.0,1851.0,3541.0,4095.0
686155,3960.0,4063.0,3752.0,2960.0,3327.0,1848.0,3553.0,4095.0
686255,3943.0,4056.0,3640.0,2975.0,3372.0,1839.0,3532.0,4095.0
686355,3952.0,4063.0,3776.0,3008.0,3345.0,1840.0,3536.0,4095.0
686455,4064.0,4059.0,3651.0,2960.0,3325.0,1835.0,3540.0,4095.0
686555,3952.0,4075.0,3804.0,3016.0,3323.0,1835.0,3547.0,4095.0
686655,3989.0,4079.0,3631.0,2967.0,3328.0,1834.0,3557.0,4095.0
686755,3952.0,4095.0,3616.0,2979.0,3357.0,1847.0,3528.0,4095.0
686855,3960.0,4077.0,3632.0,2976.0,3368.0,1831.0,3558.0,4095.0
686955,3935.0,4077.0,3628.0,2960.0,3338.0,1845.0,3525.0,4095.0
687055,3952.0,4095.0,3616.0,2956.0,3355.0,1847.0,3533.0,4095.0
687155,4080.0,4092.0,3648.0,2960.0,3361.0,1841.0,3536.0,4095.0
687255,3937.0,4095.0,3616.0,2977.0,3351.0,1841.0,3527.0,4095.0
687355,4016.0,4063.0,3644.0,2960.0,3328.0,1834.0,3551.0,4095.0
687455,3952.0,4055.0,3752.0,2960.0,3321.0,1835.0,3545.0,4095.0
687555,3952.0,4075.0,3616.0,2988.0,3320.0,1835.0,3539.0,4095.0
687655,3990.0,4095.0,3632.0,2960.0,3323.0,1836.0,3544.0,4095.0
687755,3967.0,4071.0,3744.0,2960.0,3345.0,1845.0,3528.0,4095.0
687855,3935.0,4077.0,3616.0,2944.0,3328.0,1840.0,3529.0,4095.0
687955,4035.0,4095.0,3688.0,3143.0,3388.0,1903.0,3560.0,4095.0
688055,3983.0,4057.0,3680.0,2976.0,3375.0,1882.0,3556.0,4095.0
688155,3817.0,3943.0,3486.0,3057.0,3349.0,1884.0,3539.0,4095.0
688255,3888.0,4095.0,3799.0,3311.0,3502.0,2197.0,3704.0,4095.0
688355,3932.0,4075.0,3568.0,3448.0,3484.0,2200.0,3680.0,4095.0
688455,3935.0,4064.0,3600.0,3520.0,3480.0,2197.0,3688.0,4095.0
688555,3895.0,4095.0,3760.0,3639.0,3499.0,2185.0,3737.0,4095.0
688655,4095.0,4016.0,3619.0,3312.0,3511.0,2171.0,3800.0,4095.0
688755,4095.0,4095.0,3483.0,3440.0,3471.0,2175.0,3764.0,4095.0
688855,3840.0,3928.0,3468.0,3440.0,3496.0,2185.0,3789.0,4095.0
688955,3959.0,4051.0,3612.0,3424.0,3497.0,2195.0,3791.0,4095.0
689055,3952.0,4033.0,3576.0,3440.0,3496.0,2193.0,3793.0,4095.0
689155,4042.0,4027.0,3604.0,3469.0,3501.0,2182.0,3873.0,4095.0
689255,3964.0,4043.0,3670.0,3470.0,3465.0,2132.0,4083.0,4095.0
689355,3991.0,4076.0,3600.0,3504.0,3493.0,2145.0,3976.0,4095.0
689455,3952.0,4033.0,3624.0,3422.0,3472.0,2137.0,3966.0,4095.0
689555,4091.0,4095.0,3624.0,3602.0,3487.0,2149.0,3938.0,4095.0
689755,3960.0,4040.0,3580.0,3323.0,3489.0,2147.0,3929.0,4095.0
689905,3968.0,4060.0,3580.0,3259.0,3496.0,2156.0,3888.0,4095.0
690005,3984.0,4023.0,3616.0,3167.0,3500.0,2165.0,3896.0,4095.0
690305,3948.0,4095.0,3791.0,3120.0,3537.0,2185.0,3861.0,4095.0
690505,4095.0,3992.0,3639.0,3006.0,3531.0,2184.0,3867.0,4095.0
690605,3998.0,4095.0,3726.0,3000.0,3512.0,2181.0,3829.0,4095.0
690705,3996.0,4081.0,3619.0,3039.0,3529.0,2175.0,3827.0,4095.0
690805,4000.0,4095.0,3612.0,3036.0,3539.0,2183.0,3861.0,4095.0
690905,4064.0,4083.0,3695.0,3008.0,3558.0,2161.0,3831.0,4095.0
691005,4056.0,4091.0,3679.0,3016.0,3607.0,2143.0,3860.0,4095.0
691105,4095.0,4094.0,3562.0,3022.0,3640.0,2149.0,3869.0,4095.0
691205,4095.0,4095.0,3664.0,2992.0,3561.0,2155.0,3837.0,4095.0
691305,4032.0,4091.0,3740.0,2976.0,3561.0,2168.0,3853.0,4095.0
691405,4095.0,4095.0,3712.0,2976.0,3571.0,2161.0,3861.0,4095.0
691505,4016.0,4095.0,3608.0,2994.0,3560.0,2169.0,3821.0,4095.0
691605,4095.0,4095.0,3740.0,2976.0,3564.0,2159.0,3816.0,4095.0
691705,4032.0,4085.0,3608.0,2976.0,3575.0,2167.0,3835.0,4095.0
691805,4040.0,4095.0,3604.0,2976.0,3552.0,2161.0,3808.0,4095.0
691905,4090.0,4095.0,3658.0,2984.0,3551.0,2157.0,3805.0,4095.0
692005,4045.0,4093.0,3644.0,2981.0,3551.0,2160.0,3828.0,4095.0
692105,4028.0,4095.0,3604.0,2976.0,3535.0,2167.0,3822.0,4095.0
692205,4045.0,4095.0,3648.0,2976.0,3555.0,2167.0,3849.0,4095.0
692305,4032.0,4095.0,3776.0,2976.0,3564.0,2163.0,3852.0,4095.0
692405,4028.0,4095.0,3616.0,2977.0,3532.0,2163.0,3819.0,4095.0
692505,4024.0,4095.0,3608.0,2960.0,3553.0,2179.0,3835.0,4095.0
692605,4024.0,4083.0,3640.0,2964.0,3531.0,2165.0,3816.0,4095.0
692705,4008.0,4095.0,3566.0,3087.0,3536.0,2168.0,3816.0,4095.0
692855,4040.0,4084.0,3599.0,2940.0,3532.0,2165.0,3816.0,4095.0
692955,4095.0,4095.0,3584.0,3040.0,3532.0,2171.0,3816.0,4095.0
693055,4016.0,4077.0,3768.0,2956.0,3547.0,2172.0,3857.0,4095.0
693155,3996.0,4091.0,3760.0,2928.0,3527.0,2171.0,3807.0,4095.0
693255,4016.0,4095.0,3619.0,2924.0,3534.0,2169.0,3808.0,4095.0
693355,4095.0,4087.0,3692.0,2896.0,3534.0,2181.0,3808.0,4095.0
693455,4000.0,4083.0,3604.0,2896.0,3525.0,2170.0,3834.0,4095.0
693555,4095.0,4075.0,3688.0,2896.0,3527.0,2165.0,3811.0,4095.0
693655,4095.0,4087.0,3696.0,2896.0,3550.0,2180.0,3801.0,4095.0
693755,4040.0,4095.0,3736.0,2892.0,3548.0,2170.0,3821.0,4095.0
693855,4057.0,4095.0,3610.0,2956.0,3531.0,2167.0,3818.0,4095.0
693955,4095.0,4095.0,3616.0,2864.0,3525.0,2171.0,3797.0,4095.0
694055,4088.0,4091.0,3618.0,2864.0,3519.0,2172.0,3800.0,4095.0
694155,4028.0,4095.0,3616.0,2873.0,3543.0,2172.0,3812.0,4095.0
694255,4016.0,4095.0,3608.0,2864.0,3535.0,2175.0,3795.0,4095.0
694355,4095.0,4095.0,3710.0,2864.0,3553.0,2179.0,3821.0,4095.0
694455,3936.0,4032.0,3552.0,2864.0,3523.0,2167.0,3823.0,4095.0
694555,4016.0,4095.0,3612.0,2861.0,3515.0,2172.0,3789.0,4095.0
694655,4055.0,4088.0,3620.0,2892.0,3565.0,2172.0,3835.0,4095.0
694755,4095.0,4081.0,3646.0,2880.0,3559.0,2181.0,3797.0,4095.0
694855,4000.0,4095.0,3612.0,2927.0,3557.0,2181.0,3815.0,4095.0
694955,4095.0,4068.0,3678.0,2912.0,3532.0,2183.0,3807.0,4095.0
695055,4095.0,4093.0,3616.0,2912.0,3531.0,2172.0,3807.0,4095.0
695155,4020.0,4095.0,3776.0,2896.0,3518.0,2173.0,3794.0,4095.0
695255,4095.0,4056.0,3631.0,2832.0,3529.0,2173.0,3788.0,4095.0
695405,4012.0,4095.0,3616.0,2880.0,3547.0,2180.0,3833.0,4095.0
695505,4005.0,4091.0,3616.0,2848.0,3524.0,2164.0,3809.0,4095.0
695605,4000.0,4075.0,3612.0,2880.0,3535.0,2186.0,3813.0,4095.0
695705,4016.0,4095.0,3616.0,2848.0,3547.0,2181.0,3819.0,4095.0
695805,4016.0,4095.0,3614.0,2956.0,3540.0,2173.0,3811.0,4095.0
695905,4095.0,4075.0,3712.0,2840.0,3520.0,2170.0,3792.0,4095.0
696005,3964.0,4095.0,3807.0,2979.0,3545.0,2183.0,3827.0,4095.0
696105,4090.0,4087.0,3663.0,2816.0,3527.0,2171.0,3800.0,4095.0
696255,4095.0,4095.0,3648.0,2784.0,3541.0,2170.0,3816.0,4095.0
696355,4016.0,4069.0,3616.0,2812.0,3529.0,2176.0,3808.0,4095.0
696555,4095.0,4077.0,3760.0,2960.0,3520.0,2187.0,3799.0,4095.0
696755,4000.0,4095.0,3664.0,3084.0,3554.0,2163.0,3808.0,4095.0
696855,4024.0,4095.0,3712.0,3090.0,3515.0,2195.0,3797.0,4095.0
696955,4020.0,4095.0,3616.0,2992.0,3515.0,2168.0,3797.0,4095.0
697055,4095.0,4062.0,3575.0,3023.0,3560.0,2171.0,3812.0,4095.0
697155,4011.0,4063.0,3599.0,2977.0,3515.0,2169.0,3800.0,4095.0
697255,4095.0,4095.0,3576.0,3090.0,3516.0,2171.0,3799.0,4095.0
697355,3992.0,4075.0,3616.0,2992.0,3516.0,2169.0,3792.0,4095.0
697455,4033.0,4092.0,3622.0,2987.0,3513.0,2168.0,3799.0,4095.0
697555,4095.0,4095.0,3552.0,3040.0,3538.0,2167.0,3804.0,4095.0
697655,4014.0,4095.0,3616.0,2976.0,3537.0,2169.0,3811.0,4095.0
697755,4028.0,4079.0,3772.0,3034.0,3529.0,2176.0,3799.0,4095.0
697855,3966.0,4095.0,3827.0,3051.0,3520.0,2175.0,3784.0,4095.0
697955,4064.0,4085.0,3644.0,3039.0,3537.0,2195.0,3803.0,4095.0
698055,4095.0,4095.0,3767.0,2944.0,3508.0,2169.0,3777.0,4095.0
698155,4060.0,4095.0,3650.0,3004.0,3519.0,2176.0,3790.0,4095.0
698255,4000.0,4095.0,3632.0,2976.0,3515.0,2197.0,3773.0,4095.0
698355,4095.0,4095.0,3552.0,3055.0,3556.0,2194.0,3776.0,4095.0
698455,4095.0,4095.0,3632.0,2968.0,3527.0,2173.0,3785.0,4095.0
698555,4032.0,4075.0,3744.0,3040.0,3507.0,2176.0,3769.0,4095.0
698655,4000.0,4095.0,3646.0,2944.0,3516.0,2175.0,3775.0,4095.0
698755,4000.0,4091.0,3616.0,2944.0,3553.0,2173.0,3791.0,4095.0
698855,4095.0,4064.0,3598.0,2912.0,3515.0,2181.0,3755.0,4095.0
698955,4029.0,4095.0,3632.0,2965.0,3523.0,2193.0,3773.0,4095.0
699055,4055.0,4095.0,3680.0,3103.0,3530.0,2169.0,3759.0,4095.0
699155,4000.0,4095.0,3632.0,2960.0,3551.0,2170.0,3791.0,4095.0
699255,4095.0,4095.0,3719.0,2960.0,3529.0,2187.0,3780.0,4095.0
699355,4012.0,4095.0,3632.0,2936.0,3545.0,2169.0,3797.0,4095.0
699455,4095.0,4095.0,3644.0,2944.0,3508.0,2184.0,3757.0,4095.0
699555,4094.0,4095.0,3644.0,2928.0,3518.0,2176.0,3764.0,4095.0
699655,4000.0,4075.0,3662.0,2944.0,3503.0,2171.0,3759.0,4095.0
699755,4051.0,4087.0,3788.0,2975.0,3527.0,2180.0,3781.0,4095.0
699855,4000.0,4091.0,3632.0,2924.0,3518.0,2176.0,3772.0,4095.0
699955,4024.0,4095.0,3820.0,2920.0,3501.0,2197.0,3768.0,4095.0
700055,4043.0,4089.0,3760.0,2959.0,3513.0,2185.0,3760.0,4095.0
700155,4019.0,4095.0,3771.0,3095.0,3511.0,2171.0,3779.0,4095.0
700255,4016.0,4095.0,3680.0,3016.0,3529.0,2182.0,3772.0,4095.0
700355,4095.0,4095.0,3727.0,2932.0,3539.0,2185.0,3787.0,4095.0
700455,4016.0,4095.0,3616.0,2928.0,3516.0,2176.0,3757.0,4095.0
700555,4000.0,4095.0,3632.0,2999.0,3501.0,2189.0,3749.0,4095.0
700655,4095.0,4095.0,3638.0,2912.0,3534.0,2187.0,3773.0,4095.0
700755,4012.0,4095.0,3632.0,2912.0,3539.0,2176.0,3765.0,4095.0
700855,4024.0,4069.0,3680.0,3006.0,3511.0,2171.0,3756.0,4095.0
700955,4000.0,4091.0,3616.0,2928.0,3511.0,2176.0,3755.0,4095.0
701055,4014.0,4095.0,3776.0,2920.0,3520.0,2176.0,3784.0,4095.0
701155,4024.0,4076.0,3788.0,2935.0,3551.0,2185.0,3770.0,4095.0
701255,4000.0,4093.0,3744.0,2912.0,3528.0,2169.0,3757.0,4095.0
701355,4095.0,4095.0,3569.0,2880.0,3517.0,2176.0,3769.0,4095.0
701455,4014.0,4095.0,3799.0,2959.0,3512.0,2193.0,3765.0,4095.0
701555,4095.0,4095.0,3715.0,2856.0,3503.0,2176.0,3748.0,4095.0
701655,4000.0,4091.0,3675.0,2944.0,3531.0,2171.0,3761.0,4095.0
701755,4064.0,4079.0,3632.0,2912.0,3505.0,2171.0,3749.0,4095.0
701855,4064.0,4095.0,3639.0,2908.0,3531.0,2193.0,3757.0,4095.0
701955,4000.0,4087.0,3632.0,2904.0,3517.0,2171.0,3797.0,4095.0
702055,4000.0,4080.0,3616.0,2912.0,3507.0,2199.0,3752.0,4095.0
702155,4010.0,4095.0,3804.0,2916.0,3557.0,2182.0,3785.0,4095.0
702255,4000.0,4073.0,3616.0,2908.0,3531.0,2171.0,3769.0,4095.0
702355,3992.0,4063.0,3664.0,2928.0,3509.0,2183.0,3745.0,4095.0
702455,4080.0,4095.0,3636.0,2904.0,3516.0,2182.0,3758.0,4095.0
702555,3992.0,4095.0,3786.0,3055.0,3501.0,2173.0,3741.0,4095.0
702655,4000.0,4063.0,3632.0,2904.0,3525.0,2172.0,3761.0,4095.0
702755,3952.0,4095.0,3791.0,3015.0,3535.0,2184.0,3755.0,4095.0
702855,4092.0,4080.0,3736.0,2876.0,3537.0,2189.0,3785.0,4095.0
702955,3960.0,4095.0,3831.0,2951.0,3513.0,2188.0,3760.0,4095.0
703055,4000.0,4065.0,3656.0,2899.0,3512.0,2180.0,3744.0,4095.0
703155,4032.0,4079.0,3696.0,2897.0,3501.0,2175.0,3743.0,4095.0
703255,3996.0,4057.0,3640.0,2899.0,3501.0,2171.0,3739.0,4095.0
703355,3952.0,4095.0,3823.0,3043.0,3507.0,2183.0,3733.0,4095.0
703455,3992.0,4078.0,3644.0,2904.0,3543.0,2185.0,3785.0,4095.0
703555,4004.0,4080.0,3756.0,2876.0,3531.0,2185.0,3765.0,4095.0
703655,4080.0,4063.0,3728.0,2872.0,3557.0,2185.0,3767.0,4095.0
703755,4003.0,4095.0,3744.0,2872.0,3504.0,2176.0,3744.0,4095.0
703855,3992.0,4055.0,3616.0,2876.0,3557.0,2199.0,3774.0,4095.0
704005,4000.0,4079.0,3632.0,2887.0,3517.0,2171.0,3755.0,4095.0
704105,3996.0,4094.0,3632.0,2878.0,3535.0,2185.0,3767.0,4095.0
704205,4046.0,4063.0,3708.0,2886.0,3535.0,2173.0,3749.0,4095.0
704355,4095.0,4095.0,3576.0,2976.0,3503.0,2180.0,3753.0,4095.0
704455,4024.0,4088.0,3624.0,2968.0,3512.0,2176.0,3744.0,4095.0
704555,4095.0,4063.0,3616.0,2888.0,3502.0,2199.0,3746.0,4095.0
704655,4004.0,4095.0,3776.0,2872.0,3532.0,2193.0,3763.0,4095.0
704755,3996.0,4091.0,3664.0,2940.0,3537.0,2189.0,3765.0,4095.0
704855,4095.0,4043.0,3747.0,2840.0,3509.0,2195.0,3749.0,4095.0
704955,4095.0,4095.0,3744.0,2872.0,3551.0,2172.0,3739.0,4095.0
705055,4064.0,4058.0,3767.0,2887.0,3511.0,2186.0,3769.0,4095.0
705155,3984.0,4092.0,3635.0,2910.0,3519.0,2188.0,3733.0,4095.0
705255,4011.0,4092.0,3616.0,2876.0,3505.0,2186.0,3743.0,4095.0
705355,4095.0,4095.0,3624.0,2874.0,3512.0,2181.0,3737.0,4095.0
705455,4087.0,4095.0,3632.0,3023.0,3517.0,2185.0,3753.0,4095.0
705655,4095.0,4095.0,3758.0,2872.0,3513.0,2201.0,3749.0,4095.0
705755,4095.0,4095.0,3624.0,3008.0,3512.0,2171.0,3741.0,4095.0
705855,4000.0,4086.0,3599.0,2859.0,3513.0,2176.0,3750.0,4095.0
706005,4032.0,4063.0,3656.0,2874.0,3537.0,2194.0,3767.0,4095.0
706105,4095.0,4080.0,3706.0,2864.0,3512.0,2176.0,3731.0,4095.0
706205,4007.0,4094.0,3662.0,2880.0,3501.0,2179.0,3735.0,4095.0
706305,4016.0,4051.0,3664.0,2976.0,3516.0,2189.0,3767.0,4095.0
706455,4023.0,4071.0,3696.0,2958.0,3512.0,2171.0,3740.0,4095.0
706555,4084.0,4094.0,3624.0,2872.0,3501.0,2176.0,3731.0,4095.0
706705,3984.0,4073.0,3644.0,2875.0,3543.0,2173.0,3749.0,4095.0
706855,3984.0,4095.0,3616.0,2848.0,3539.0,2197.0,3753.0,4095.0
706955,4095.0,4064.0,3552.0,2967.0,3531.0,2187.0,3763.0,4095.0
707055,3984.0,4059.0,3632.0,2863.0,3517.0,2187.0,3748.0,4095.0
707155,3984.0,4067.0,3616.0,2867.0,3527.0,2182.0,3739.0,4095.0
707255,4019.0,4095.0,3616.0,2896.0,3511.0,2175.0,3735.0,4095.0
707355,3988.0,4095.0,3607.0,2840.0,3531.0,2183.0,3759.0,4095.0
707505,4023.0,4080.0,3712.0,2865.0,3505.0,2169.0,3739.0,4095.0
707605,4095.0,4032.0,3576.0,2892.0,3517.0,2176.0,3753.0,4095.0
707705,4000.0,4063.0,3800.0,2848.0,3531.0,2187.0,3755.0,4095.0
707805,3984.0,4080.0,3612.0,2848.0,3512.0,2176.0,3742.0,4095.0
707905,3992.0,4067.0,3776.0,2848.0,3523.0,2176.0,3748.0,4095.0
708005,3992.0,4073.0,3632.0,2912.0,3515.0,2179.0,3750.0,4095.0
708105,3960.0,4095.0,3728.0,2955.0,3524.0,2184.0,3751.0,4095.0
708205,3984.0,4078.0,3600.0,2816.0,3512.0,2189.0,3763.0,4095.0
708305,3991.0,4047.0,3728.0,2812.0,3503.0,2189.0,3733.0,4095.0
708405,4032.0,4095.0,3696.0,2812.0,3514.0,2176.0,3746.0,4095.0
708505,4088.0,4092.0,3694.0,2812.0,3499.0,2184.0,3752.0,4095.0
708605,3888.0,4095.0,3799.0,2935.0,3512.0,2179.0,3740.0,4095.0
708705,3984.0,4061.0,3584.0,2835.0,3515.0,2176.0,3749.0,4095.0
708805,3968.0,4041.0,3584.0,2828.0,3499.0,2185.0,3731.0,4095.0
708905,3955.0,4037.0,3610.0,2816.0,3512.0,2183.0,3746.0,4095.0
709005,3992.0,4041.0,3648.0,2900.0,3501.0,2199.0,3739.0,4095.0
709105,3968.0,4066.0,3584.0,2816.0,3503.0,2175.0,3735.0,4095.0
709205,3993.0,4095.0,3602.0,2823.0,3499.0,2180.0,3729.0,4095.0
709305,4095.0,4077.0,3598.0,2812.0,3509.0,2169.0,3759.0,4095.0
709405,4011.0,4095.0,3694.0,2967.0,3529.0,2169.0,3752.0,4095.0
709605,3978.0,4060.0,3584.0,2808.0,3509.0,2176.0,3731.0,4095.0
709705,4004.0,4071.0,3598.0,2812.0,3504.0,2173.0,3725.0,4095.0
709805,3952.0,4025.0,3584.0,2816.0,3499.0,2171.0,3723.0,4095.0
709905,4044.0,4091.0,3704.0,2820.0,3512.0,2176.0,3738.0,4095.0
710005,3944.0,4059.0,3608.0,2804.0,3504.0,2177.0,3736.0,4095.0
710205,3952.0,4037.0,3584.0,2844.0,3516.0,2176.0,3742.0,4095.0
710305,3980.0,4081.0,3632.0,2827.0,3505.0,2170.0,3727.0,4095.0
710405,3985.0,4064.0,3584.0,2904.0,3501.0,2176.0,3731.0,4095.0
710555,3968.0,4041.0,3619.0,2816.0,3551.0,2187.0,3771.0,4095.0
710655,3984.0,4039.0,3628.0,2912.0,3513.0,2188.0,3743.0,4095.0
710755,3952.0,4043.0,3604.0,2835.0,3523.0,2176.0,3747.0,4095.0
710855,4031.0,4033.0,3696.0,2808.0,3515.0,2187.0,3747.0,4095.0
710955,3993.0,4048.0,3736.0,2872.0,3512.0,2176.0,3737.0,4095.0
711055,3960.0,4039.0,3613.0,2816.0,3509.0,2182.0,3737.0,4095.0
711155,3964.0,4063.0,3627.0,2812.0,3505.0,2180.0,3724.0,4095.0
711255,3968.0,4083.0,3611.0,2920.0,3500.0,2187.0,3725.0,4095.0
711355,3974.0,4051.0,3744.0,2828.0,3516.0,2169.0,3735.0,4095.0
711455,4003.0,4095.0,3706.0,3071.0,3511.0,2171.0,3737.0,4095.0
711555,3983.0,4048.0,3605.0,2867.0,3501.0,2175.0,3725.0,4095.0
711655,3968.0,4064.0,3584.0,2940.0,3501.0,2175.0,3737.0,4095.0
711755,4064.0,4043.0,3688.0,2895.0,3514.0,2197.0,3746.0,4095.0
711855,4024.0,4060.0,3680.0,2860.0,3525.0,2171.0,3741.0,4095.0
711955,3992.0,4051.0,3616.0,2865.0,3512.0,2175.0,3740.0,4095.0
712055,3990.0,4047.0,3616.0,2889.0,3523.0,2170.0,3735.0,4095.0
712155,3991.0,4087.0,3779.0,2899.0,3513.0,2189.0,3752.0,4095.0
712255,3896.0,3968.0,3516.0,2856.0,3520.0,2184.0,3737.0,4095.0
712355,3926.0,3981.0,3582.0,2847.0,3516.0,2187.0,3740.0,4095.0
712455,3891.0,3936.0,3488.0,2864.0,3513.0,2174.0,3725.0,4095.0
712555,3856.0,3927.0,3520.0,2928.0,3537.0,2186.0,3767.0,4095.0
712655,3808.0,4039.0,3707.0,2993.0,3507.0,2183.0,3731.0,4095.0
712755,3951.0,3973.0,3616.0,2899.0,3527.0,2172.0,3763.0,4095.0
712855,3960.0,3934.0,3640.0,2889.0,3539.0,2176.0,3752.0,4095.0
712955,3856.0,3991.0,3536.0,2864.0,3557.0,2183.0,3759.0,4095.0
713055,3881.0,3948.0,3500.0,2908.0,3529.0,2187.0,3745.0,4095.0
713155,3872.0,3991.0,3520.0,2976.0,3561.0,2180.0,3757.0,4095.0
713255,4093.0,3968.0,3535.0,3120.0,3507.0,2199.0,3721.0,4095.0
713355,4095.0,3960.0,3555.0,3104.0,3540.0,2187.0,3703.0,4095.0
713455,3978.0,4063.0,3584.0,3092.0,3519.0,2210.0,3693.0,4095.0
713555,4095.0,4095.0,3752.0,3008.0,3516.0,2197.0,3688.0,4095.0
713655,4000.0,4077.0,3616.0,3008.0,3519.0,2184.0,3701.0,4095.0
713755,4095.0,4095.0,3616.0,3214.0,3542.0,2198.0,3704.0,4095.0
713855,3948.0,4095.0,3857.0,3193.0,3526.0,2205.0,3717.0,4095.0
713955,4024.0,4095.0,3660.0,3184.0,3529.0,2197.0,3709.0,4095.0
714055,4012.0,4095.0,3660.0,3153.0,3353.0,1867.0,3575.0,4095.0
714155,4004.0,4095.0,3623.0,3219.0,3369.0,1845.0,3573.0,4095.0
714255,4003.0,4095.0,3622.0,3191.0,3376.0,1893.0,3599.0,4095.0
714355,4007.0,4083.0,3654.0,3174.0,3495.0,2188.0,3685.0,4095.0
714455,4040.0,4095.0,3708.0,3219.0,3500.0,2195.0,3679.0,4095.0
714555,4026.0,4089.0,3832.0,3168.0,3489.0,2188.0,3679.0,4095.0
714655,4095.0,4095.0,3652.0,3160.0,3492.0,2199.0,3671.0,4095.0
714755,4016.0,4083.0,3644.0,3136.0,3497.0,2200.0,3679.0,4095.0
714855,4000.0,4085.0,3660.0,3168.0,3502.0,2199.0,3684.0,4095.0
714955,4016.0,4084.0,3703.0,3200.0,3505.0,2209.0,3685.0,4095.0
715055,4095.0,4095.0,3744.0,3230.0,3527.0,2203.0,3707.0,4095.0
715155,4062.0,4095.0,3654.0,3211.0,3517.0,2207.0,3699.0,4095.0
715255,4000.0,4095.0,3644.0,3276.0,3484.0,2195.0,3671.0,4095.0
715355,4095.0,4032.0,3564.0,3340.0,3512.0,2193.0,3679.0,4095.0
715455,4000.0,4091.0,3632.0,3232.0,3502.0,2199.0,3680.0,4095.0
715555,4055.0,4091.0,3723.0,3254.0,3515.0,2197.0,3699.0,4095.0
715655,4016.0,4076.0,3824.0,3232.0,3494.0,2219.0,3677.0,4095.0
715755,4039.0,4095.0,3768.0,3255.0,3513.0,2211.0,3688.0,4095.0
715855,4095.0,4083.0,3712.0,3232.0,3499.0,2199.0,3691.0,4095.0
715955,4095.0,4095.0,3676.0,3232.0,3499.0,2199.0,3660.0,4095.0
716055,4000.0,4095.0,3616.0,3232.0,3519.0,2220.0,3697.0,4095.0
716155,4047.0,4095.0,3696.0,3296.0,3493.0,2199.0,3667.0,4095.0
716255,4000.0,4095.0,3632.0,3320.0,3523.0,2205.0,3692.0,4095.0
716355,4095.0,4016.0,3655.0,3248.0,3520.0,2191.0,3667.0,4095.0
716455,3996.0,4095.0,3648.0,3292.0,3498.0,2203.0,3683.0,4095.0
716555,3984.0,4095.0,3676.0,3312.0,3525.0,2209.0,3692.0,4095.0
716655,4017.0,4091.0,3720.0,3292.0,3507.0,2203.0,3683.0,4095.0
716755,3992.0,4083.0,3664.0,3299.0,3514.0,2205.0,3690.0,4095.0
716855,3984.0,4095.0,3644.0,3358.0,3512.0,2205.0,3691.0,4095.0
716955,4095.0,4069.0,3658.0,3280.0,3511.0,2193.0,3675.0,4095.0
717055,4095.0,4048.0,3566.0,3312.0,3534.0,2197.0,3679.0,4095.0
717155,4047.0,4095.0,3728.0,3280.0,3497.0,2200.0,3696.0,4095.0
717255,3996.0,4095.0,3692.0,3376.0,3512.0,2192.0,3691.0,4095.0
717355,4095.0,4060.0,3592.0,3392.0,3531.0,2191.0,3693.0,4095.0
717455,3984.0,4067.0,3688.0,3328.0,3513.0,2203.0,3688.0,4095.0
717555,4095.0,4095.0,3648.0,3264.0,3504.0,2189.0,3688.0,4095.0
717655,3992.0,4095.0,3808.0,3264.0,3504.0,2193.0,3690.0,4095.0
717755,3992.0,4069.0,3824.0,3264.0,3510.0,2199.0,3692.0,4095.0
717855,4095.0,4000.0,3679.0,3216.0,3516.0,2200.0,3641.0,4095.0
717955,3992.0,4095.0,3640.0,3264.0,3505.0,2187.0,3720.0,4095.0
718055,4095.0,4095.0,3574.0,3264.0,3492.0,2191.0,3697.0,4095.0
718155,4095.0,4084.0,3646.0,3368.0,3504.0,2200.0,3706.0,4095.0
718255,4005.0,4095.0,3632.0,3264.0,3497.0,2199.0,3705.0,4095.0
718355,3920.0,4095.0,3592.0,3232.0,3503.0,2200.0,3703.0,4095.0
718455,4095.0,4060.0,3583.0,3262.0,3500.0,2191.0,3692.0,4095.0
718555,4095.0,4030.0,3651.0,3200.0,3509.0,2193.0,3705.0,4095.0
718655,3996.0,4077.0,3808.0,3264.0,3507.0,2192.0,3699.0,4095.0
718755,4035.0,4071.0,3632.0,3304.0,3491.0,2199.0,3681.0,4095.0
718855,4012.0,4095.0,3632.0,3248.0,3500.0,2192.0,3688.0,4095.0
718955,4016.0,4093.0,3651.0,3260.0,3498.0,2192.0,3700.0,4095.0
719055,3992.0,4069.0,3657.0,3275.0,3499.0,2190.0,3691.0,4095.0
719155,4025.0,4073.0,3792.0,3273.0,3508.0,2193.0,3697.0,4095.0
719255,3992.0,4095.0,3632.0,3312.0,3504.0,2184.0,3680.0,4095.0
719355,4000.0,4095.0,3632.0,3248.0,3511.0,2200.0,3725.0,4095.0
719455,4095.0,4095.0,3708.0,3259.0,3507.0,2191.0,3691.0,4095.0
719555,4055.0,4095.0,3711.0,3256.0,3526.0,2197.0,3707.0,4095.0
719655,4021.0,4087.0,3806.0,3360.0,3403.0,1928.0,3583.0,4095.0
719755,4017.0,4093.0,3736.0,3248.0,3388.0,1849.0,3560.0,4095.0
719855,4000.0,4093.0,3678.0,3256.0,3383.0,1877.0,3569.0,4095.0
719955,4095.0,4091.0,3767.0,3212.0,3360.0,1847.0,3569.0,4095.0
720055,4095.0,4095.0,3649.0,3296.0,3359.0,1847.0,3575.0,4095.0
720155,4011.0,4083.0,3744.0,3232.0,3381.0,1875.0,3589.0,4095.0
720255,3988.0,4095.0,3752.0,3415.0,3383.0,1944.0,3618.0,4095.0
720355,3996.0,4093.0,3632.0,3312.0,3505.0,2195.0,3733.0,4095.0
720455,4032.0,4095.0,3680.0,3240.0,3497.0,2192.0,3688.0,4095.0
720555,4004.0,4071.0,3752.0,3232.0,3500.0,2192.0,3705.0,4095.0
720655,4027.0,4073.0,3760.0,3296.0,3501.0,2192.0,3700.0,4095.0
720755,4008.0,4088.0,3752.0,3232.0,3501.0,2192.0,3702.0,4095.0
720855,3992.0,4095.0,3616.0,3262.0,3496.0,2203.0,3689.0,4095.0
720955,4032.0,4095.0,3696.0,3240.0,3500.0,2192.0,3704.0,4095.0
721055,4000.0,4087.0,3800.0,3260.0,3487.0,2192.0,3703.0,4095.0
721155,4095.0,4056.0,3615.0,3200.0,3510.0,2183.0,3685.0,4095.0
721255,4095.0,4095.0,3759.0,3220.0,3491.0,2207.0,3720.0,4095.0
721355,4008.0,4095.0,3632.0,3264.0,3487.0,2185.0,3686.0,4095.0
721455,4031.0,4095.0,3799.0,3281.0,3500.0,2188.0,3696.0,4095.0
721555,4012.0,4076.0,3776.0,3264.0,3527.0,2200.0,3693.0,4095.0
721655,3992.0,4095.0,3616.0,3248.0,3527.0,2200.0,3727.0,4095.0
721755,4064.0,4075.0,3732.0,3248.0,3516.0,2192.0,3706.0,4095.0
721855,4000.0,4091.0,3616.0,3256.0,3507.0,2189.0,3725.0,4095.0
721955,4000.0,4095.0,3616.0,3255.0,3403.0,1931.0,3607.0,4095.0
722055,3992.0,4095.0,3616.0,3232.0,3491.0,2195.0,3715.0,4095.0
722155,3996.0,4095.0,3616.0,3232.0,3497.0,2185.0,3710.0,4095.0
722255,4000.0,4083.0,3800.0,3232.0,3501.0,2185.0,3693.0,4095.0
722355,4000.0,4095.0,3807.0,3283.0,3495.0,2199.0,3722.0,4095.0
722455,4024.0,4076.0,3783.0,3271.0,3488.0,2200.0,3689.0,4095.0
722555,3964.0,4095.0,3792.0,3399.0,3411.0,1942.0,3617.0,4095.0
722655,4095.0,4095.0,3602.0,3183.0,3425.0,1971.0,3595.0,4095.0
722755,3987.0,4091.0,3603.0,3193.0,3389.0,1957.0,3604.0,4095.0
722855,4095.0,4064.0,3560.0,3216.0,3392.0,1962.0,3609.0,4095.0
722955,3998.0,4095.0,3628.0,3196.0,3374.0,1888.0,3596.0,4095.0
723055,4016.0,4071.0,3659.0,3196.0,3384.0,1872.0,3575.0,4095.0
723155,3996.0,4095.0,3616.0,3264.0,3352.0,1855.0,3570.0,4095.0
723255,3992.0,4095.0,3616.0,3216.0,3355.0,1851.0,3563.0,4095.0
723355,4000.0,4095.0,3776.0,3200.0,3362.0,1846.0,3575.0,4095.0
723455,3996.0,4095.0,3616.0,3200.0,3371.0,1853.0,3563.0,4095.0
723555,4095.0,4048.0,3600.0,3184.0,3352.0,1853.0,3564.0,4095.0
723655,3992.0,4079.0,3616.0,3224.0,3385.0,1853.0,3551.0,4095.0
723755,3996.0,4083.0,3616.0,3224.0,3360.0,1865.0,3566.0,4095.0
723855,4088.0,4077.0,3724.0,3216.0,3351.0,1849.0,3558.0,4095.0
723955,4095.0,4032.0,3619.0,3184.0,3358.0,1848.0,3572.0,4095.0
724055,3996.0,4083.0,3616.0,3320.0,3368.0,1852.0,3559.0,4095.0
724155,4088.0,4095.0,3767.0,3202.0,3376.0,1848.0,3552.0,4095.0
724255,4000.0,4075.0,3770.0,3200.0,3349.0,1851.0,3559.0,4095.0
724355,3936.0,4095.0,3796.0,3217.0,3353.0,1860.0,3560.0,4095.0
724455,4032.0,4095.0,3660.0,3168.0,3358.0,1850.0,3589.0,4095.0
724555,3996.0,4069.0,3808.0,3192.0,3355.0,1848.0,3561.0,4095.0
724655,4000.0,4093.0,3768.0,3168.0,3361.0,1851.0,3561.0,4095.0
724755,3967.0,4095.0,3835.0,3239.0,3366.0,1867.0,3577.0,4095.0
724855,4012.0,4095.0,3744.0,3164.0,3360.0,1879.0,3569.0,4095.0
724955,4072.0,4072.0,3672.0,3160.0,3404.0,1935.0,3565.0,4095.0
725055,4000.0,4075.0,3640.0,3160.0,3375.0,1895.0,3571.0,4095.0
725155,4000.0,4087.0,3616.0,3164.0,3383.0,1888.0,3560.0,4095.0
725255,4000.0,4081.0,3816.0,3199.0,3354.0,1852.0,3599.0,4095.0
725355,4000.0,4073.0,3800.0,3160.0,3351.0,1868.0,3572.0,4095.0
725455,4000.0,4065.0,3768.0,3160.0,3352.0,1865.0,3560.0,4095.0
725555,4000.0,4071.0,3804.0,3160.0,3337.0,1873.0,3565.0,4095.0
725655,4024.0,4095.0,3631.0,3262.0,3371.0,1888.0,3589.0,4095.0
725755,4095.0,4065.0,3760.0,3152.0,3358.0,1868.0,3607.0,4095.0
725855,4095.0,4095.0,3608.0,3309.0,3353.0,1852.0,3563.0,4095.0
725955,4011.0,4095.0,3760.0,3160.0,3353.0,1838.0,3561.0,4095.0
726055,3992.0,4067.0,3616.0,3170.0,3347.0,1835.0,3576.0,4095.0
726155,4091.0,4095.0,3648.0,3319.0,3339.0,1851.0,3596.0,4095.0
726255,4023.0,4069.0,3760.0,3164.0,3347.0,1840.0,3568.0,4095.0
726355,4000.0,4095.0,3632.0,3169.0,3340.0,1837.0,3563.0,4095.0
726455,4095.0,4048.0,3602.0,3136.0,3339.0,1859.0,3551.0,4095.0
726555,3992.0,4092.0,3616.0,3164.0,3380.0,1851.0,3564.0,4095.0
726655,3996.0,4087.0,3616.0,3240.0,3356.0,1861.0,3575.0,4095.0
726755,3936.0,4095.0,3819.0,3303.0,3387.0,1869.0,3551.0,4095.0
726855,3976.0,4095.0,3587.0,3160.0,3355.0,1891.0,3565.0,4095.0
726955,4095.0,4095.0,3719.0,3104.0,3352.0,1861.0,3565.0,4095.0
727055,4095.0,4095.0,3735.0,3140.0,3356.0,1856.0,3569.0,4095.0
727155,4038.0,4087.0,3728.0,3216.0,3345.0,1863.0,3552.0,4095.0
727255,4044.0,4095.0,3688.0,3228.0,3360.0,1895.0,3569.0,4095.0
727355,3968.0,4071.0,3632.0,3200.0,3358.0,1879.0,3577.0,4095.0
727455,4008.0,4083.0,3616.0,3200.0,3377.0,1879.0,3559.0,4095.0
727555,4000.0,4095.0,3616.0,3264.0,3373.0,1868.0,3619.0,4095.0
727655,4095.0,4077.0,3628.0,3240.0,3373.0,1836.0,3603.0,4095.0
727755,4035.0,4095.0,3680.0,3431.0,3364.0,1833.0,3657.0,4095.0
727855,4024.0,4095.0,3760.0,3296.0,3413.0,1832.0,3659.0,4095.0
727955,4095.0,4095.0,3744.0,3337.0,3385.0,1835.0,3648.0,4095.0
728055,4012.0,4095.0,3772.0,3340.0,3392.0,1849.0,3654.0,4095.0
728155,4095.0,4080.0,3648.0,3392.0,3408.0,1846.0,3658.0,4095.0
728255,4095.0,4069.0,3756.0,3328.0,3416.0,1837.0,3644.0,4095.0
728355,4010.0,4095.0,3628.0,3312.0,3431.0,1835.0,3641.0,4095.0
728455,4015.0,4095.0,3624.0,3312.0,3423.0,1836.0,3657.0,4095.0
728555,4095.0,4095.0,3731.0,3264.0,3431.0,1832.0,3623.0,4095.0
728655,4000.0,4081.0,3616.0,3296.0,3416.0,1824.0,3609.0,4095.0
728755,3963.0,4095.0,3792.0,3463.0,3400.0,1829.0,3609.0,4095.0
728855,4000.0,4079.0,3648.0,3376.0,3381.0,1835.0,3608.0,4095.0
728955,4000.0,4065.0,3616.0,3296.0,3399.0,1848.0,3608.0,4095.0
729055,4043.0,4095.0,3760.0,3292.0,3413.0,1836.0,3609.0,4095.0
729255,4019.0,4095.0,3628.0,3295.0,3409.0,1835.0,3609.0,4095.0
729355,3952.0,4095.0,3833.0,3351.0,3404.0,1832.0,3599.0,4095.0
729505,3992.0,4095.0,3674.0,3303.0,3404.0,1831.0,3616.0,4095.0
729655,4095.0,4095.0,3642.0,3288.0,3400.0,1831.0,3617.0,4095.0
729755,4013.0,4093.0,3792.0,3294.0,3376.0,1833.0,3637.0,4095.0
729855,4000.0,4087.0,3632.0,3310.0,3396.0,1835.0,3615.0,4095.0
729955,4017.0,4087.0,3792.0,3295.0,3377.0,1845.0,3624.0,4095.0
730055,4008.0,4095.0,3632.0,3296.0,3411.0,1836.0,3614.0,4095.0
730155,4054.0,4095.0,3641.0,3317.0,3403.0,1848.0,3613.0,4095.0
730255,4095.0,4016.0,3651.0,3256.0,3373.0,1856.0,3640.0,4095.0
730355,3992.0,4095.0,3632.0,3296.0,3385.0,1851.0,3661.0,4095.0
730455,3992.0,4095.0,3632.0,3296.0,3401.0,1852.0,3615.0,4095.0
730555,4095.0,4095.0,3632.0,3304.0,3367.0,1840.0,3616.0,4095.0
730655,4061.0,4095.0,3744.0,3305.0,3385.0,1839.0,3630.0,4095.0
730755,3992.0,4095.0,3648.0,3336.0,3383.0,1845.0,3631.0,4095.0
730855,3992.0,4095.0,3632.0,3319.0,3371.0,1848.0,3607.0,4095.0
730955,4000.0,4095.0,3632.0,3288.0,3372.0,1854.0,3627.0,4095.0
731055,4032.0,4095.0,3744.0,3376.0,3385.0,1833.0,3631.0,4095.0
731155,3968.0,4095.0,3831.0,3248.0,3368.0,1845.0,3633.0,4095.0
731255,3932.0,4095.0,3843.0,3431.0,3372.0,1832.0,3621.0,4095.0
731355,4095.0,4024.0,3727.0,3276.0,3365.0,1847.0,3612.0,4095.0
731455,4064.0,4095.0,3736.0,3308.0,3368.0,1835.0,3621.0,4095.0
731555,3992.0,4095.0,3632.0,3296.0,3368.0,1835.0,3625.0,4095.0
731655,3996.0,4093.0,3632.0,3296.0,3407.0,1838.0,3603.0,4095.0
731755,4008.0,4095.0,3808.0,3308.0,3368.0,1835.0,3624.0,4095.0
731855,3992.0,4095.0,3816.0,3296.0,3410.0,1852.0,3605.0,4095.0
732105,4079.0,4095.0,3755.0,3264.0,3369.0,1853.0,3601.0,4095.0
732305,3992.0,4095.0,3824.0,3296.0,3360.0,1835.0,3619.0,4095.0
732405,4002.0,4095.0,3792.0,3296.0,3375.0,1840.0,3641.0,4095.0
732555,4000.0,4063.0,3671.0,3344.0,3359.0,1839.0,3621.0,4095.0
732655,3920.0,4095.0,3823.0,3363.0,3365.0,1854.0,3632.0,4095.0
732755,4027.0,4073.0,3768.0,3376.0,3372.0,1838.0,3641.0,4095.0
732855,4019.0,4095.0,3736.0,3376.0,3365.0,1840.0,3608.0,4095.0
732955,4095.0,4095.0,3736.0,3230.0,3390.0,1835.0,3607.0,4095.0
733055,4095.0,4028.0,3697.0,3200.0,3373.0,1836.0,3635.0,4095.0
733155,3984.0,4095.0,3632.0,3285.0,3370.0,1840.0,3625.0,4095.0
733255,4095.0,4095.0,3636.0,3264.0,3389.0,1848.0,3601.0,4095.0
733355,3984.0,4081.0,3800.0,3328.0,3371.0,1841.0,3637.0,4095.0
733455,4006.0,4087.0,3808.0,3264.0,3360.0,1836.0,3612.0,4095.0
733555,3984.0,4095.0,3616.0,3264.0,3387.0,1847.0,3599.0,4095.0
733655,3992.0,4095.0,3616.0,3264.0,3355.0,1843.0,3608.0,4095.0
733755,4095.0,4075.0,3704.0,3264.0,3379.0,1835.0,3613.0,4095.0
733855,4000.0,4095.0,3628.0,3256.0,3385.0,1839.0,3595.0,4095.0
733955,4095.0,4000.0,3615.0,3356.0,3391.0,1831.0,3607.0,4095.0
734055,4080.0,4087.0,3679.0,3264.0,3368.0,1853.0,3625.0,4095.0
734155,3996.0,4093.0,3628.0,3256.0,3381.0,1837.0,3603.0,4095.0
734255,4095.0,4095.0,3663.0,3384.0,3383.0,1840.0,3603.0,4095.0
734355,3992.0,4095.0,3616.0,3264.0,3373.0,1837.0,3611.0,4095.0
734455,4026.0,4075.0,3696.0,3319.0,3371.0,1843.0,3635.0,4095.0
734555,4021.0,4095.0,3632.0,3289.0,3380.0,1879.0,3633.0,4095.0
734655,3936.0,4009.0,3628.0,3326.0,3383.0,1861.0,3617.0,4095.0
734755,3936.0,4030.0,3576.0,3232.0,3365.0,1856.0,3608.0,4095.0
734855,3936.0,4019.0,3656.0,3288.0,3379.0,1859.0,3603.0,4095.0
734955,3947.0,4052.0,3758.0,3308.0,3404.0,1853.0,3615.0,4095.0
735055,3928.0,4067.0,3604.0,3278.0,3361.0,1851.0,3611.0,4095.0
735255,3928.0,4027.0,3568.0,3278.0,3383.0,1852.0,3599.0,4095.0
735455,4095.0,4092.0,3508.0,3172.0,3368.0,1851.0,3621.0,4095.0
735555,4095.0,4060.0,3512.0,3244.0,3360.0,1863.0,3615.0,4095.0
735655,3888.0,4095.0,3767.0,3399.0,3377.0,1849.0,3599.0,4095.0
735755,3948.0,4009.0,3646.0,3230.0,3360.0,1859.0,3610.0,4095.0
735855,3928.0,4011.0,3607.0,3296.0,3368.0,1853.0,3629.0,4095.0
735955,3928.0,4005.0,3568.0,3228.0,3371.0,1853.0,3629.0,4095.0
736055,3932.0,4036.0,3616.0,3306.0,3395.0,1849.0,3603.0,4095.0
736155,4095.0,3979.0,3621.0,3312.0,3367.0,1845.0,3635.0,4095.0
736255,3928.0,4021.0,3568.0,3224.0,3360.0,1861.0,3613.0,4095.0
736355,3872.0,4095.0,3765.0,3375.0,3359.0,1853.0,3607.0,4095.0
736455,3944.0,4044.0,3568.0,3280.0,3355.0,1865.0,3604.0,4095.0
736555,3992.0,4011.0,3688.0,3217.0,3368.0,1841.0,3617.0,4095.0
736655,3920.0,4009.0,3768.0,3200.0,3360.0,1845.0,3619.0,4095.0
736755,3936.0,4025.0,3608.0,3280.0,3397.0,1859.0,3613.0,4095.0
736855,4095.0,4000.0,3544.0,3456.0,3389.0,1840.0,3625.0,4095.0
736955,4031.0,4064.0,3596.0,3612.0,3362.0,1841.0,3656.0,4095.0
737055,3904.0,4016.0,3536.0,3688.0,3388.0,1856.0,3679.0,4095.0
737155,4028.0,4059.0,3696.0,3632.0,3387.0,1867.0,3719.0,4095.0
737255,3904.0,3999.0,3616.0,3488.0,3427.0,1868.0,3703.0,4095.0
737355,3968.0,4041.0,3608.0,3576.0,3413.0,1859.0,3729.0,4095.0
737455,3936.0,4028.0,3552.0,3488.0,3445.0,1858.0,3769.0,4095.0
737555,4080.0,4056.0,3544.0,3568.0,3410.0,1851.0,3781.0,4095.0
737655,4095.0,4040.0,3585.0,3520.0,3392.0,1819.0,3940.0,4095.0
737755,3960.0,4043.0,3568.0,3651.0,3373.0,1809.0,3911.0,4095.0
737855,4095.0,4095.0,3800.0,3634.0,3396.0,1817.0,3899.0,4095.0
737955,4008.0,4087.0,3608.0,3690.0,3373.0,1807.0,3871.0,4095.0
738055,3968.0,4095.0,3616.0,3616.0,3371.0,1811.0,3852.0,4095.0
738155,4095.0,4032.0,3619.0,3552.0,3367.0,1824.0,3868.0,4095.0
738255,3952.0,4061.0,3584.0,3608.0,3361.0,1820.0,3840.0,4095.0
738355,4095.0,4095.0,3616.0,3610.0,3384.0,1819.0,3811.0,4095.0
738455,4006.0,4095.0,3616.0,3591.0,3373.0,1826.0,3821.0,4095.0
738555,3996.0,4095.0,3680.0,3648.0,3376.0,1836.0,3776.0,4095.0
738655,4095.0,4095.0,3616.0,3600.0,3375.0,1832.0,3838.0,4095.0
738755,4000.0,4095.0,3792.0,3584.0,3372.0,1830.0,3834.0,4095.0
738855,4095.0,4095.0,3758.0,3602.0,3368.0,1832.0,3816.0,4095.0
738955,4012.0,4088.0,3612.0,3600.0,3372.0,1836.0,3792.0,4095.0
739055,4080.0,4095.0,3740.0,3611.0,3378.0,1833.0,3758.0,4095.0
739155,4095.0,4048.0,3679.0,3536.0,3387.0,1843.0,3759.0,4095.0
739405,4000.0,4077.0,3632.0,3600.0,3360.0,1831.0,3808.0,4095.0
739605,4012.0,4093.0,3768.0,3584.0,3360.0,1828.0,3790.0,4095.0
739705,4083.0,4095.0,3759.0,3536.0,3377.0,1835.0,3809.0,4095.0
739805,3904.0,4095.0,3811.0,3751.0,3371.0,1851.0,3760.0,4095.0
739905,3960.0,4095.0,3819.0,3695.0,3372.0,1861.0,3780.0,4095.0
740005,3992.0,4095.0,3608.0,3584.0,3383.0,1840.0,3751.0,4095.0
740105,4044.0,4075.0,3644.0,3604.0,3372.0,1849.0,3757.0,4095.0
740205,4016.0,4093.0,3640.0,3612.0,3403.0,1925.0,3785.0,4095.0
740305,4000.0,4095.0,3639.0,3688.0,3419.0,1890.0,3771.0,4095.0
740405,4041.0,4095.0,3688.0,3584.0,3391.0,1900.0,3776.0,4095.0
740605,4095.0,4095.0,3610.0,3599.0,3360.0,1831.0,3726.0,4095.0
740805,4095.0,4095.0,3736.0,3580.0,3361.0,1835.0,3703.0,4095.0
740905,4000.0,4095.0,3616.0,3584.0,3371.0,1832.0,3712.0,4095.0
741005,4000.0,4095.0,3616.0,3576.0,3377.0,1824.0,3739.0,4095.0
741105,4021.0,4095.0,3788.0,3576.0,3360.0,1830.0,3727.0,4095.0
741205,4000.0,4095.0,3616.0,3568.0,3383.0,1835.0,3739.0,4095.0
741305,4016.0,4095.0,3674.0,3575.0,3360.0,1832.0,3754.0,4095.0
741405,4016.0,4095.0,3679.0,3583.0,3379.0,1824.0,3725.0,4095.0
741505,4019.0,4088.0,3752.0,3540.0,3359.0,1843.0,3741.0,4095.0
741605,4080.0,4091.0,3736.0,3552.0,3360.0,1829.0,3730.0,4095.0
741705,4095.0,4087.0,3708.0,3561.0,3401.0,1831.0,3719.0,4095.0
741805,4095.0,4056.0,3588.0,3616.0,3363.0,1847.0,3757.0,4095.0
741955,4095.0,4028.0,3639.0,3504.0,3361.0,1848.0,3752.0,4095.0
742055,4000.0,4095.0,3616.0,3552.0,3365.0,1835.0,3731.0,4095.0
742155,4095.0,4083.0,3728.0,3557.0,3355.0,1839.0,3728.0,4095.0
742255,4040.0,4081.0,3660.0,3557.0,3381.0,1843.0,3724.0,4095.0
742355,4071.0,4095.0,3660.0,3731.0,3352.0,1840.0,3712.0,4095.0
742455,3992.0,4095.0,3628.0,3575.0,3360.0,1843.0,3739.0,4095.0
742555,3992.0,4095.0,3616.0,3552.0,3375.0,1840.0,3745.0,4095.0
742655,3952.0,4095.0,3825.0,3679.0,3382.0,1863.0,3739.0,4095.0
742755,4080.0,4095.0,3712.0,3565.0,3375.0,1895.0,3744.0,4095.0
742855,3992.0,4095.0,3616.0,3552.0,3403.0,1911.0,3795.0,4095.0
742955,4095.0,4087.0,3776.0,3568.0,3387.0,1888.0,3745.0,4095.0
743055,3992.0,4089.0,3632.0,3624.0,3395.0,1888.0,3772.0,4095.0
743155,3996.0,4095.0,3807.0,3600.0,3395.0,1892.0,3735.0,4095.0
743255,4004.0,4083.0,3616.0,3600.0,3417.0,1898.0,3763.0,4095.0
743355,3992.0,4095.0,3616.0,3584.0,3410.0,1889.0,3751.0,4095.0
743455,3984.0,4087.0,3631.0,3580.0,3367.0,1877.0,3712.0,4095.0
743555,3984.0,4095.0,3815.0,3635.0,3376.0,1879.0,3701.0,4095.0
743705,4014.0,4095.0,3674.0,3664.0,3368.0,1877.0,3704.0,4095.0
743805,4095.0,4080.0,3528.0,3632.0,3389.0,1876.0,3720.0,4095.0
743955,4095.0,4080.0,3528.0,3630.0,3371.0,1879.0,3682.0,4095.0
744105,3980.0,4095.0,3825.0,3691.0,3365.0,1884.0,3688.0,4095.0
744205,3987.0,4087.0,3648.0,3615.0,3373.0,1889.0,3703.0,4095.0
744305,4004.0,4095.0,3616.0,3640.0,3373.0,1879.0,3715.0,4095.0
744405,4095.0,4095.0,3772.0,3628.0,3385.0,1883.0,3707.0,4095.0
744505,4033.0,4087.0,3624.0,3616.0,3365.0,1861.0,3717.0,4095.0
744605,4013.0,4095.0,3792.0,3596.0,3360.0,1878.0,3681.0,4095.0
744705,4095.0,4095.0,3616.0,3571.0,3356.0,1853.0,3697.0,4095.0
744805,4008.0,4095.0,3616.0,3588.0,3366.0,1883.0,3691.0,4095.0
744905,4064.0,4089.0,3758.0,3590.0,3364.0,1879.0,3689.0,4095.0
745005,4095.0,4095.0,3584.0,3696.0,3360.0,1883.0,3683.0,4095.0
745105,3992.0,4095.0,3632.0,3568.0,3355.0,1873.0,3672.0,4095.0
745205,4016.0,4087.0,3744.0,3656.0,3373.0,1875.0,3665.0,4095.0
745305,4064.0,4095.0,3639.0,3664.0,3369.0,1875.0,3665.0,4095.0
745405,3984.0,4089.0,3616.0,3552.0,3379.0,1880.0,3669.0,4095.0
745505,4011.0,4095.0,3808.0,3672.0,3397.0,1881.0,3668.0,4095.0
745605,3992.0,4095.0,3739.0,3624.0,3375.0,1877.0,3711.0,4095.0
745705,3996.0,4089.0,3616.0,3568.0,3389.0,1877.0,3667.0,4095.0
745805,4048.0,4085.0,3776.0,3587.0,3379.0,1871.0,3672.0,4095.0
745905,4023.0,4095.0,3728.0,3747.0,3401.0,1872.0,3675.0,4095.0
746005,3984.0,4095.0,3648.0,3552.0,3359.0,1871.0,3669.0,4095.0
746105,3992.0,4095.0,3670.0,3598.0,3355.0,1875.0,3669.0,4095.0
746205,4088.0,4095.0,3790.0,3573.0,3367.0,1884.0,3671.0,4095.0
746305,4023.0,4095.0,3752.0,3585.0,3353.0,1877.0,3668.0,4095.0
746405,3984.0,4095.0,3704.0,3615.0,3347.0,1863.0,3704.0,4095.0
746505,4047.0,4075.0,3624.0,3616.0,3349.0,1868.0,3676.0,4095.0
746605,4095.0,4095.0,3616.0,3536.0,3353.0,1872.0,3676.0,4095.0
746705,3984.0,4077.0,3632.0,3648.0,3352.0,1880.0,3679.0,4095.0
746805,4095.0,4095.0,3800.0,3628.0,3367.0,1880.0,3677.0,4095.0
746905,4000.0,4095.0,3824.0,3536.0,3379.0,1879.0,3717.0,4095.0
747005,3992.0,4095.0,3688.0,3536.0,3367.0,1868.0,3709.0,4095.0
747105,3992.0,4095.0,3832.0,3532.0,3359.0,1867.0,3680.0,4095.0
747205,4095.0,4095.0,3552.0,3584.0,3360.0,1875.0,3698.0,4095.0
747305,3984.0,4085.0,3632.0,3504.0,3356.0,1864.0,3691.0,4095.0
747405,3999.0,4095.0,3820.0,3521.0,3359.0,1854.0,3680.0,4095.0
747505,4095.0,4095.0,3720.0,3448.0,3363.0,1851.0,3692.0,4095.0
747605,4048.0,4095.0,3568.0,3504.0,3356.0,1855.0,3676.0,4095.0
747705,4016.0,4095.0,3576.0,3504.0,3360.0,1851.0,3667.0,4095.0
747805,4095.0,4095.0,3642.0,3504.0,3386.0,1855.0,3672.0,4095.0
747905,4027.0,4095.0,3783.0,3529.0,3349.0,1856.0,3676.0,4095.0
748055,4003.0,4095.0,3808.0,3536.0,3380.0,1869.0,3667.0,4095.0
748255,3976.0,4095.0,3672.0,3496.0,3402.0,1961.0,3709.0,4095.0
748355,4095.0,4078.0,3695.0,3408.0,3367.0,1881.0,3679.0,4095.0
748455,3997.0,4095.0,3863.0,3463.0,3368.0,1892.0,3684.0,4095.0
748555,3992.0,4083.0,3632.0,3456.0,3371.0,1866.0,3697.0,4095.0
748655,4015.0,4095.0,3791.0,3408.0,3379.0,1856.0,3684.0,4095.0
748755,4003.0,4095.0,3816.0,3504.0,3373.0,1867.0,3701.0,4095.0
748855,3932.0,4095.0,3821.0,3617.0,3355.0,1863.0,3678.0,4095.0
748955,4000.0,4095.0,3641.0,3481.0,3395.0,1848.0,3681.0,4095.0
749055,3996.0,4095.0,3640.0,3486.0,3351.0,1845.0,3674.0,4095.0
749155,4064.0,4083.0,3743.0,3552.0,3341.0,1831.0,3672.0,4095.0
749255,4095.0,4095.0,3760.0,3464.0,3371.0,1833.0,3689.0,4095.0
749355,3992.0,4095.0,3632.0,3440.0,3373.0,1838.0,3685.0,4095.0
749455,3992.0,4073.0,3648.0,3440.0,3351.0,1847.0,3676.0,4095.0
749555,4092.0,4095.0,3784.0,3440.0,3368.0,1840.0,3709.0,4095.0
749655,4095.0,4095.0,3632.0,3459.0,3375.0,1816.0,3672.0,4095.0
749755,4064.0,4095.0,3632.0,3496.0,3365.0,1838.0,3709.0,4095.0
749855,3984.0,4075.0,3756.0,3424.0,3360.0,1840.0,3704.0,4095.0
749955,3936.0,4095.0,3831.0,3523.0,3345.0,1840.0,3694.0,4095.0
750055,4091.0,4095.0,3648.0,3593.0,3343.0,1837.0,3680.0,4095.0
750155,4095.0,4075.0,3768.0,3534.0,3367.0,1837.0,3704.0,4095.0
750255,4024.0,4095.0,3664.0,3488.0,3355.0,1840.0,3679.0,4095.0
750355,3992.0,4095.0,3632.0,3420.0,3365.0,1836.0,3680.0,4095.0
750455,4000.0,4095.0,3804.0,3423.0,3355.0,1831.0,3703.0,4095.0
750555,4023.0,4085.0,3632.0,3456.0,3352.0,1836.0,3699.0,4095.0
750655,4095.0,4095.0,3612.0,3550.0,3373.0,1831.0,3680.0,4095.0
750755,4095.0,4077.0,3804.0,3424.0,3364.0,1877.0,3693.0,4095.0
750855,4000.0,4095.0,3728.0,3520.0,3368.0,1891.0,3703.0,4095.0
750955,3992.0,4079.0,3632.0,3420.0,3371.0,1897.0,3685.0,4095.0
751055,3998.0,4083.0,3792.0,3428.0,3376.0,1900.0,3692.0,4095.0
751155,3984.0,4095.0,3772.0,3440.0,3389.0,1888.0,3689.0,4095.0
751255,3996.0,4081.0,3616.0,3440.0,3360.0,1887.0,3680.0,4095.0
751355,4092.0,4089.0,3704.0,3440.0,3383.0,1876.0,3705.0,4095.0
751455,4030.0,4095.0,3776.0,3483.0,3370.0,1880.0,3697.0,4095.0
751555,4000.0,4095.0,3646.0,3440.0,3364.0,1869.0,3685.0,4095.0
751655,3996.0,4095.0,3820.0,3456.0,3364.0,1875.0,3681.0,4095.0
751755,4000.0,4095.0,3616.0,3440.0,3388.0,1856.0,3668.0,4095.0
751855,4026.0,4095.0,3680.0,3472.0,3375.0,1903.0,3687.0,4095.0
751955,4008.0,4095.0,3616.0,3456.0,3371.0,1911.0,3710.0,4095.0
752055,4000.0,4095.0,3616.0,3472.0,3516.0,2192.0,3775.0,4095.0
752155,4016.0,4095.0,3634.0,3616.0,3489.0,2183.0,3796.0,4095.0
752255,4095.0,4095.0,3604.0,3440.0,3505.0,2180.0,3776.0,4095.0
752355,4032.0,4095.0,3799.0,3551.0,3487.0,2188.0,3796.0,4095.0
752455,4095.0,4095.0,3540.0,3599.0,3488.0,2188.0,3764.0,4095.0
752555,4006.0,4095.0,3690.0,3667.0,3477.0,2195.0,3800.0,4095.0
752655,3968.0,4095.0,3783.0,3607.0,3479.0,2195.0,3797.0,4095.0
752755,4040.0,4095.0,3696.0,3488.0,3487.0,2188.0,3825.0,4095.0
752855,4016.0,4095.0,3568.0,3482.0,3509.0,2183.0,3784.0,4095.0
752955,4016.0,4095.0,3568.0,3472.0,3492.0,2186.0,3797.0,4095.0
753055,4026.0,4095.0,3694.0,3456.0,3488.0,2193.0,3771.0,4095.0
753155,4053.0,4095.0,3668.0,3472.0,3493.0,2202.0,3776.0,4095.0
753255,4039.0,4095.0,3568.0,3472.0,3487.0,2207.0,3765.0,4095.0
753355,4024.0,4091.0,3692.0,3456.0,3529.0,2184.0,3789.0,4095.0
753455,4016.0,4095.0,3564.0,3472.0,3500.0,2179.0,3782.0,4095.0
753555,4095.0,4095.0,3728.0,3456.0,3490.0,2200.0,3771.0,4095.0
753655,4016.0,4095.0,3728.0,3456.0,3486.0,2189.0,3767.0,4095.0
753755,3960.0,4095.0,3771.0,3563.0,3479.0,2183.0,3795.0,4095.0
753855,4060.0,4095.0,3568.0,3456.0,3507.0,2176.0,3795.0,4095.0
753955,4095.0,4095.0,3670.0,3456.0,3503.0,2181.0,3776.0,4095.0
754055,4095.0,4095.0,3660.0,3454.0,3488.0,2173.0,3769.0,4095.0
754155,4016.0,4095.0,3768.0,3548.0,3499.0,2183.0,3780.0,4095.0
754255,4016.0,4095.0,3552.0,3552.0,3488.0,2181.0,3757.0,4095.0
754355,4095.0,4095.0,3580.0,3620.0,3502.0,2196.0,3794.0,4095.0
754455,4016.0,4095.0,3552.0,3548.0,3511.0,2185.0,3783.0,4095.0
754555,3952.0,4095.0,3767.0,3591.0,3496.0,2198.0,3802.0,4095.0
754655,4016.0,4095.0,3564.0,3488.0,3488.0,2173.0,3764.0,4095.0
754755,4095.0,4095.0,3719.0,3440.0,3483.0,2181.0,3776.0,4095.0
754855,4080.0,4095.0,3608.0,3456.0,3501.0,2176.0,3774.0,4095.0
754955,4088.0,4095.0,3767.0,3436.0,3384.0,1912.0,3679.0,4095.0
755055,4036.0,4095.0,3660.0,3456.0,3381.0,1925.0,3691.0,4095.0
755155,4095.0,4095.0,3727.0,3436.0,3375.0,1928.0,3693.0,4095.0
755255,4016.0,4095.0,3728.0,3536.0,3376.0,1931.0,3677.0,4095.0
755355,4016.0,4095.0,3568.0,3519.0,3488.0,2189.0,3755.0,4095.0
755455,4043.0,4095.0,3585.0,3456.0,3527.0,2184.0,3785.0,4095.0
755555,4038.0,4095.0,3704.0,3448.0,3511.0,2180.0,3773.0,4095.0
755655,4016.0,4095.0,3568.0,3440.0,3496.0,2193.0,3787.0,4095.0
755755,4095.0,4095.0,3644.0,3448.0,3488.0,2180.0,3755.0,4095.0
755855,4095.0,4095.0,3520.0,3578.0,3502.0,2183.0,3751.0,4095.0
755955,4029.0,4095.0,3626.0,3440.0,3495.0,2187.0,3760.0,4095.0
756055,4043.0,4095.0,3568.0,3440.0,3496.0,2191.0,3759.0,4095.0
756155,4016.0,4095.0,3552.0,3480.0,3499.0,2187.0,3758.0,4095.0
756255,4016.0,4095.0,3552.0,3440.0,3496.0,2179.0,3759.0,4095.0
756355,4000.0,4095.0,3552.0,3436.0,3496.0,2185.0,3751.0,4095.0
756455,4041.0,4095.0,3640.0,3424.0,3520.0,2193.0,3743.0,4095.0
756555,4016.0,4095.0,3552.0,3432.0,3481.0,2187.0,3757.0,4095.0
756655,4016.0,4095.0,3688.0,3424.0,3409.0,1959.0,3684.0,4095.0
756755,4095.0,4095.0,3543.0,3360.0,3387.0,1888.0,3639.0,4095.0
756855,4011.0,4095.0,3664.0,3663.0,3511.0,2181.0,3754.0,4095.0
756955,3999.0,4095.0,3544.0,3436.0,3504.0,2179.0,3755.0,4095.0
757055,4016.0,4095.0,3744.0,3440.0,3492.0,2193.0,3753.0,4095.0
757155,4015.0,4095.0,3664.0,3631.0,3371.0,1913.0,3674.0,4095.0
757255,4095.0,4095.0,3640.0,3440.0,3369.0,1912.0,3656.0,4095.0
757355,4016.0,4095.0,3680.0,3452.0,3481.0,2197.0,3759.0,4095.0
757455,4016.0,4095.0,3664.0,3452.0,3496.0,2183.0,3752.0,4095.0
757555,4016.0,4095.0,3720.0,3463.0,3395.0,1960.0,3673.0,4095.0
757655,4016.0,4095.0,3552.0,3440.0,3421.0,1988.0,3691.0,4095.0
757755,4055.0,4095.0,3646.0,3516.0,3403.0,1966.0,3685.0,4095.0
757855,4095.0,4095.0,3520.0,3603.0,3381.0,1911.0,3661.0,4095.0
757955,4003.0,4095.0,3744.0,3456.0,3384.0,1936.0,3659.0,4095.0
758055,4043.0,4095.0,3614.0,3448.0,3511.0,2186.0,3757.0,4095.0
758155,4049.0,4095.0,3564.0,3452.0,3404.0,1991.0,3665.0,4095.0
758255,4016.0,4095.0,3552.0,3450.0,3396.0,1947.0,3659.0,4095.0
758355,4048.0,4095.0,3568.0,3440.0,3385.0,1854.0,3613.0,4095.0
758455,3981.0,4095.0,3704.0,3611.0,3489.0,2183.0,3741.0,4095.0
758555,4016.0,4095.0,3564.0,3440.0,3377.0,1871.0,3623.0,4095.0
758655,4047.0,4095.0,3604.0,3424.0,3356.0,1872.0,3631.0,4095.0
758755,4030.0,4095.0,3544.0,3424.0,3358.0,1880.0,3639.0,4095.0
758855,4095.0,4080.0,3516.0,3456.0,3360.0,1861.0,3619.0,4095.0
758955,4016.0,4095.0,3712.0,3408.0,3352.0,1858.0,3635.0,4095.0
759055,4016.0,4095.0,3536.0,3484.0,3360.0,1883.0,3631.0,4095.0
759155,4016.0,4095.0,3520.0,3425.0,3375.0,1916.0,3644.0,4095.0
759255,4016.0,4095.0,3560.0,3390.0,3401.0,1957.0,3673.0,4095.0
759355,4000.0,4095.0,3552.0,3472.0,3511.0,2185.0,3745.0,4095.0
759455,4016.0,4095.0,3552.0,3384.0,3501.0,2188.0,3752.0,4095.0
759555,3984.0,4095.0,3763.0,3439.0,3495.0,2193.0,3744.0,4095.0
759655,4095.0,4095.0,3614.0,3376.0,3495.0,2187.0,3740.0,4095.0
759755,4016.0,4095.0,3728.0,3440.0,3355.0,1894.0,3631.0,4095.0
759855,4016.0,4095.0,3552.0,3378.0,3364.0,1883.0,3651.0,4095.0
759955,4047.0,4095.0,3599.0,3376.0,3368.0,1880.0,3627.0,4095.0
760055,4016.0,4095.0,3708.0,3388.0,3375.0,1863.0,3617.0,4095.0
760155,4095.0,4095.0,3600.0,3376.0,3339.0,1846.0,3620.0,4095.0
760255,4000.0,4095.0,3552.0,3404.0,3357.0,1843.0,3609.0,4095.0
760355,4000.0,4095.0,3552.0,3397.0,3367.0,1845.0,3611.0,4095.0
760455,4016.0,4095.0,3706.0,3392.0,3363.0,1860.0,3639.0,4095.0
760555,4036.0,4095.0,3680.0,3344.0,3368.0,1880.0,3625.0,4095.0
760655,3932.0,4095.0,3726.0,3473.0,3486.0,2194.0,3760.0,4095.0
760755,4012.0,4089.0,3758.0,3328.0,3488.0,2195.0,3739.0,4095.0
760855,4000.0,4095.0,3552.0,3338.0,3512.0,2189.0,3752.0,4095.0
760955,4000.0,4095.0,3568.0,3308.0,3511.0,2184.0,3757.0,4095.0
761055,3960.0,4095.0,3779.0,3387.0,3497.0,2183.0,3752.0,4095.0
761155,4095.0,4095.0,3655.0,3248.0,3489.0,2185.0,3751.0,4095.0
761255,4009.0,4095.0,3610.0,3288.0,3511.0,2179.0,3754.0,4095.0
761355,4000.0,4095.0,3568.0,3384.0,3486.0,2187.0,3751.0,4095.0
761455,4000.0,4091.0,3552.0,3351.0,3495.0,2184.0,3751.0,4095.0
761555,4095.0,4095.0,3468.0,3440.0,3500.0,2206.0,3770.0,4095.0
761655,4000.0,4087.0,3736.0,3296.0,3483.0,2185.0,3787.0,4095.0
761755,4000.0,4095.0,3568.0,3325.0,3493.0,2205.0,3765.0,4095.0
761855,4000.0,4095.0,3568.0,3326.0,3529.0,2185.0,3757.0,4095.0
761955,4000.0,4095.0,3568.0,3320.0,3533.0,2191.0,3757.0,4095.0
762055,4000.0,4095.0,3552.0,3331.0,3501.0,2189.0,3748.0,4095.0
762155,4053.0,4095.0,3584.0,3312.0,3509.0,2184.0,3753.0,4095.0
762255,4000.0,4095.0,3568.0,3356.0,3508.0,2192.0,3745.0,4095.0
762355,4095.0,4095.0,3703.0,3279.0,3481.0,2183.0,3744.0,4095.0
762455,4028.0,4095.0,3536.0,3312.0,3479.0,2188.0,3769.0,4095.0
762555,4024.0,4095.0,3696.0,3342.0,3475.0,2195.0,3779.0,4095.0
762655,4024.0,4095.0,3640.0,3359.0,3499.0,2187.0,3767.0,4095.0
762755,4016.0,4095.0,3728.0,3312.0,3495.0,2181.0,3751.0,4095.0
762855,4095.0,4095.0,3683.0,3248.0,3475.0,2193.0,3767.0,4095.0
762955,4000.0,4095.0,3552.0,3392.0,3483.0,2195.0,3775.0,4095.0
763055,4000.0,4095.0,3552.0,3323.0,3484.0,2187.0,3741.0,4095.0
763155,4032.0,4095.0,3680.0,3321.0,3477.0,2189.0,3759.0,4095.0
763255,4032.0,4095.0,3656.0,3296.0,3501.0,2188.0,3743.0,4095.0
763355,4032.0,4095.0,3536.0,3376.0,3475.0,2189.0,3751.0,4095.0
763455,4028.0,4095.0,3660.0,3288.0,3483.0,2195.0,3767.0,4095.0
763555,4095.0,4095.0,3504.0,3463.0,3514.0,2183.0,3770.0,4095.0
763655,4029.0,4095.0,3728.0,3376.0,3475.0,2188.0,3762.0,4095.0
763755,4024.0,4095.0,3552.0,3356.0,3495.0,2203.0,3739.0,4095.0
763855,4016.0,4095.0,3520.0,3254.0,3481.0,2188.0,3764.0,4095.0
763955,4024.0,4095.0,3520.0,3356.0,3496.0,2188.0,3752.0,4095.0
764055,4016.0,4092.0,3552.0,3328.0,3485.0,2188.0,3767.0,4095.0
764155,4041.0,4095.0,3597.0,3264.0,3491.0,2199.0,3744.0,4095.0
764255,4016.0,4095.0,3712.0,3328.0,3492.0,2195.0,3744.0,4095.0
764355,4086.0,4095.0,3551.0,3248.0,3507.0,2187.0,3755.0,4095.0
764455,4064.0,4095.0,3534.0,3280.0,3485.0,2203.0,3753.0,4095.0
764555,4032.0,4095.0,3534.0,3319.0,3509.0,2184.0,3763.0,4095.0
764655,4016.0,4095.0,3544.0,3289.0,3480.0,2188.0,3765.0,4095.0
764755,3997.0,4095.0,3508.0,3288.0,3485.0,2184.0,3751.0,4095.0
764855,4067.0,4095.0,3564.0,3415.0,3511.0,2177.0,3749.0,4095.0
764955,4028.0,4095.0,3520.0,3232.0,3488.0,2179.0,3743.0,4095.0
765055,4043.0,4087.0,3616.0,3243.0,3484.0,2195.0,3745.0,4095.0
765155,4095.0,4095.0,3504.0,3399.0,3483.0,2197.0,3735.0,4095.0
765255,4080.0,4095.0,3488.0,3371.0,3475.0,2188.0,3784.0,4095.0
765355,4095.0,4095.0,3563.0,3228.0,3481.0,2189.0,3758.0,4095.0
765455,4055.0,4095.0,3560.0,3379.0,3477.0,2188.0,3781.0,4095.0
765555,4032.0,4095.0,3632.0,3216.0,3481.0,2188.0,3763.0,4095.0
765655,4028.0,4095.0,3520.0,3294.0,3497.0,2188.0,3747.0,4095.0
765755,4032.0,4095.0,3660.0,3216.0,3477.0,2195.0,3781.0,4095.0
765855,4095.0,4095.0,3551.0,3200.0,3486.0,2201.0,3739.0,4095.0
765955,4095.0,4032.0,3499.0,3260.0,3477.0,2193.0,3741.0,4095.0
766055,4095.0,4095.0,3504.0,3200.0,3481.0,2194.0,3735.0,4095.0
766155,4040.0,4095.0,3566.0,3224.0,3496.0,2193.0,3740.0,4095.0
766255,4032.0,4095.0,3516.0,3216.0,3500.0,2187.0,3747.0,4095.0
766355,4032.0,4095.0,3520.0,3251.0,3503.0,2187.0,3740.0,4095.0
766455,4032.0,4095.0,3518.0,3232.0,3483.0,2188.0,3757.0,4095.0
766555,4095.0,4095.0,3546.0,3216.0,3500.0,2191.0,3763.0,4095.0
766655,4044.0,4095.0,3568.0,3216.0,3493.0,2188.0,3753.0,4095.0
766755,4095.0,4095.0,3566.0,3200.0,3488.0,2183.0,3766.0,4095.0
766855,4028.0,4095.0,3692.0,3232.0,3345.0,1852.0,3619.0,4095.0
766955,3967.0,4095.0,3720.0,3361.0,3333.0,1824.0,3642.0,4095.0
767055,4047.0,4095.0,3688.0,3312.0,3339.0,1832.0,3639.0,4095.0
767155,4044.0,4095.0,3552.0,3328.0,3349.0,1840.0,3660.0,4095.0
767255,4031.0,4095.0,3520.0,3376.0,3354.0,1845.0,3659.0,4095.0
767355,4075.0,4095.0,3552.0,3472.0,3535.0,2181.0,3758.0,4095.0
767455,4040.0,4095.0,3520.0,3512.0,3487.0,2184.0,3771.0,4095.0
767555,3984.0,4056.0,3550.0,3472.0,3488.0,2202.0,3749.0,4095.0
767655,3968.0,4056.0,3644.0,3489.0,3507.0,2188.0,3748.0,4095.0
767755,4032.0,4059.0,3488.0,3472.0,3507.0,2191.0,3739.0,4095.0
767855,4064.0,4051.0,3578.0,3480.0,3499.0,2187.0,3733.0,4095.0
767955,3968.0,4060.0,3662.0,3472.0,3504.0,2189.0,3727.0,4095.0
768055,4032.0,4056.0,3576.0,3456.0,3515.0,2187.0,3740.0,4095.0
768155,3960.0,4049.0,3488.0,3485.0,3547.0,2184.0,3749.0,4095.0
768255,3968.0,4039.0,3680.0,3542.0,3555.0,2176.0,3732.0,4095.0
768355,3952.0,4060.0,3487.0,3452.0,3512.0,2191.0,3712.0,4095.0
768455,3968.0,4075.0,3480.0,3424.0,3500.0,2195.0,3723.0,4095.0
768555,3968.0,4075.0,3488.0,3544.0,3384.0,1872.0,3603.0,4095.0
768655,4032.0,4051.0,3536.0,3392.0,3369.0,1835.0,3576.0,4095.0
768755,3968.0,4035.0,3648.0,3406.0,3383.0,1839.0,3599.0,4095.0
768855,4072.0,4057.0,3552.0,3408.0,3372.0,1824.0,3575.0,4095.0
768955,3964.0,4035.0,3532.0,3407.0,3383.0,1823.0,3568.0,4095.0
769055,3968.0,4085.0,3672.0,3360.0,3381.0,1832.0,3572.0,4095.0
769205,3980.0,4027.0,3660.0,3392.0,3387.0,1843.0,3591.0,4095.0
769305,3944.0,4095.0,3640.0,3537.0,3389.0,1847.0,3602.0,4095.0
769405,3968.0,4072.0,3680.0,3360.0,3390.0,1845.0,3596.0,4095.0
769505,3968.0,4043.0,3488.0,3344.0,3402.0,1838.0,3603.0,4095.0
769605,4024.0,4000.0,3631.0,3415.0,3404.0,1836.0,3565.0,4095.0
769755,4095.0,4063.0,3633.0,3288.0,3399.0,1845.0,3599.0,4095.0
769855,3968.0,4064.0,3488.0,3360.0,3384.0,1832.0,3595.0,4095.0
769955,4094.0,4083.0,3624.0,3312.0,3376.0,1836.0,3587.0,4095.0
770055,4000.0,4072.0,3535.0,3322.0,3376.0,1832.0,3588.0,4095.0
770155,3968.0,4035.0,3696.0,3312.0,3401.0,1834.0,3593.0,4095.0
770255,4095.0,3996.0,3527.0,3296.0,3395.0,1835.0,3613.0,4095.0
770355,3989.0,4073.0,3504.0,3304.0,3416.0,1841.0,3591.0,4095.0
770455,3968.0,4057.0,3528.0,3308.0,3421.0,1834.0,3563.0,4095.0
770555,3999.0,4037.0,3656.0,3310.0,3376.0,1835.0,3576.0,4095.0
770655,3968.0,4064.0,3680.0,3336.0,3397.0,1836.0,3567.0,4095.0
770755,4046.0,4047.0,3552.0,3296.0,3389.0,1837.0,3593.0,4095.0
770855,3968.0,4063.0,3504.0,3311.0,3384.0,1837.0,3587.0,4095.0
770955,4072.0,4055.0,3552.0,3315.0,3374.0,1843.0,3576.0,4095.0
771055,4094.0,4072.0,3580.0,3312.0,3370.0,1833.0,3573.0,4095.0
771155,3904.0,4095.0,3699.0,3256.0,3388.0,1832.0,3563.0,4095.0
771255,3968.0,4083.0,3680.0,3312.0,3411.0,1831.0,3593.0,4095.0
771355,3980.0,4064.0,3632.0,3296.0,3403.0,1835.0,3607.0,4095.0
771555,3976.0,4059.0,3676.0,3312.0,3385.0,1831.0,3589.0,4095.0
771705,3968.0,4041.0,3488.0,3308.0,3372.0,1832.0,3560.0,4095.0
771805,3992.0,4051.0,3624.0,3308.0,3399.0,1834.0,3591.0,4095.0
771905,3968.0,4039.0,3488.0,3310.0,3377.0,1831.0,3568.0,4095.0
772005,3968.0,4049.0,3664.0,3296.0,3403.0,1829.0,3592.0,4095.0
772105,3968.0,4057.0,3488.0,3376.0,3389.0,1833.0,3593.0,4095.0
772205,3968.0,4041.0,3692.0,3296.0,3379.0,1840.0,3568.0,4095.0
772305,3968.0,4041.0,3488.0,3343.0,3384.0,1836.0,3564.0,4095.0
772405,3968.0,4064.0,3488.0,3326.0,3423.0,1844.0,3611.0,4095.0
772605,4095.0,4055.0,3568.0,3296.0,3504.0,1854.0,3569.0,4095.0
772805,3999.0,4095.0,3576.0,3475.0,3488.0,1851.0,3576.0,4095.0
772905,3968.0,4062.0,3679.0,3336.0,3496.0,1879.0,3579.0,4095.0
773005,3968.0,4084.0,3504.0,3306.0,3453.0,1824.0,3565.0,4095.0
773105,3956.0,4095.0,3612.0,3463.0,3453.0,1848.0,3576.0,4095.0
773205,3968.0,4047.0,3688.0,3324.0,3440.0,1848.0,3579.0,4095.0
773305,3980.0,4040.0,3520.0,3308.0,3419.0,1856.0,3596.0,4095.0
773405,3980.0,4064.0,3616.0,3296.0,3428.0,1847.0,3577.0,4095.0
773505,4016.0,4067.0,3512.0,3296.0,3416.0,1879.0,3607.0,4095.0
773605,4000.0,4064.0,3504.0,3336.0,3417.0,1853.0,3595.0,4095.0
773705,4095.0,3992.0,3499.0,3344.0,3385.0,1855.0,3591.0,4095.0
773805,3936.0,4095.0,3711.0,3399.0,3435.0,1852.0,3577.0,4095.0
773955,4032.0,4095.0,3707.0,3324.0,3404.0,1851.0,3612.0,4095.0
774055,3981.0,4080.0,3504.0,3341.0,3387.0,1864.0,3594.0,4095.0
774155,3984.0,4051.0,3624.0,3344.0,3379.0,1856.0,3579.0,4095.0
774255,4095.0,4059.0,3608.0,3344.0,3427.0,1859.0,3607.0,4095.0
774355,4044.0,4093.0,3514.0,3344.0,3397.0,1851.0,3602.0,4095.0
774455,3948.0,4095.0,3703.0,3399.0,3397.0,1860.0,3601.0,4095.0
774555,3984.0,4043.0,3680.0,3328.0,3409.0,1849.0,3607.0,4095.0
774655,4032.0,4049.0,3514.0,3320.0,3385.0,1852.0,3568.0,4095.0
774755,3984.0,4089.0,3504.0,3328.0,3383.0,1865.0,3563.0,4095.0
774855,4095.0,4040.0,3616.0,3296.0,3411.0,1847.0,3563.0,4095.0
774955,4064.0,4064.0,3564.0,3416.0,3400.0,1849.0,3599.0,4095.0
775055,3984.0,4059.0,3660.0,3320.0,3405.0,1856.0,3569.0,4095.0
775155,4095.0,4051.0,3598.0,3328.0,3409.0,1852.0,3609.0,4095.0
775255,3912.0,4095.0,3644.0,3411.0,3420.0,1864.0,3563.0,4095.0
775355,4000.0,4059.0,3535.0,3448.0,3417.0,1853.0,3565.0,4095.0
775455,3920.0,4095.0,3703.0,3423.0,3416.0,1878.0,3571.0,4095.0
775555,3984.0,4043.0,3640.0,3324.0,3381.0,1867.0,3571.0,4095.0
775655,3984.0,4057.0,3504.0,3324.0,3401.0,1863.0,3601.0,4095.0
775755,3984.0,4088.0,3696.0,3420.0,3411.0,1867.0,3603.0,4095.0
775855,3994.0,4064.0,3656.0,3328.0,3401.0,1875.0,3599.0,4095.0
775955,4080.0,4055.0,3568.0,3328.0,3429.0,1863.0,3591.0,4095.0
776055,4063.0,4095.0,3512.0,3495.0,3381.0,1868.0,3573.0,4095.0
776155,4095.0,4064.0,3660.0,3328.0,3397.0,1862.0,3563.0,4095.0
776255,3968.0,4072.0,3504.0,3328.0,3377.0,1859.0,3567.0,4095.0
776355,3951.0,4095.0,3646.0,3487.0,3383.0,1868.0,3569.0,4095.0
776455,4095.0,4055.0,3615.0,3262.0,3416.0,1866.0,3563.0,4095.0
776555,3968.0,4039.0,3680.0,3360.0,3395.0,1852.0,3573.0,4095.0
776655,4040.0,4043.0,3516.0,3328.0,3381.0,1866.0,3568.0,4095.0
776755,3984.0,4059.0,3680.0,3392.0,3383.0,1870.0,3565.0,4095.0
776855,4095.0,4049.0,3648.0,3320.0,3427.0,1859.0,3574.0,4095.0
776955,3968.0,4067.0,3504.0,3312.0,3401.0,1873.0,3607.0,4095.0
777205,4016.0,4072.0,3535.0,3296.0,3389.0,1873.0,3589.0,4095.0
777305,3968.0,4043.0,3680.0,3319.0,3397.0,1866.0,3592.0,4095.0
777505,3984.0,4055.0,3615.0,3296.0,3406.0,1879.0,3575.0,4095.0
777605,3968.0,4064.0,3504.0,3342.0,3371.0,1864.0,3578.0,4095.0
777705,4095.0,4016.0,3456.0,3375.0,3402.0,1853.0,3575.0,4095.0
777805,3980.0,4083.0,3504.0,3296.0,3384.0,1856.0,3568.0,4095.0
777905,4027.0,4088.0,3544.0,3487.0,3403.0,1859.0,3601.0,4095.0
778005,3984.0,4087.0,3504.0,3296.0,3376.0,1849.0,3573.0,4095.0
778105,4095.0,4058.0,3504.0,3256.0,3379.0,1847.0,3555.0,4095.0
778205,3902.0,4095.0,3721.0,3473.0,3376.0,1847.0,3572.0,4095.0
778305,3936.0,4095.0,3715.0,3363.0,3367.0,1843.0,3562.0,4095.0
778405,3990.0,4059.0,3504.0,3296.0,3401.0,1840.0,3561.0,4095.0
778555,3968.0,4064.0,3512.0,3391.0,3409.0,1852.0,3589.0,4095.0
778655,3980.0,4053.0,3680.0,3296.0,3371.0,1859.0,3568.0,4095.0
778755,3992.0,4045.0,3531.0,3390.0,3397.0,1863.0,3593.0,4095.0
778855,3984.0,4051.0,3664.0,3296.0,3376.0,1864.0,3568.0,4095.0
778955,4048.0,4049.0,3584.0,3296.0,3368.0,1852.0,3564.0,4095.0
779055,4064.0,4043.0,3520.0,3312.0,3376.0,1849.0,3572.0,4095.0
779155,4048.0,4076.0,3552.0,3308.0,3411.0,1839.0,3559.0,4095.0
779255,3984.0,4072.0,3644.0,3328.0,3385.0,1846.0,3559.0,4095.0
779355,4095.0,4059.0,3610.0,3312.0,3384.0,1849.0,3578.0,4095.0
779455,4095.0,4065.0,3616.0,3312.0,3382.0,1848.0,3589.0,4095.0
779555,3984.0,4095.0,3614.0,3308.0,3388.0,1848.0,3580.0,4095.0
779655,4095.0,4032.0,3432.0,3432.0,3389.0,1855.0,3567.0,4095.0
779755,4095.0,4055.0,3510.0,3312.0,3400.0,1847.0,3553.0,4095.0
779855,4095.0,4076.0,3552.0,3312.0,3371.0,1852.0,3566.0,4095.0
779955,3968.0,4041.0,3664.0,3296.0,3400.0,1848.0,3595.0,4095.0
780055,3999.0,4041.0,3580.0,3312.0,3413.0,1883.0,3615.0,4095.0
780155,3984.0,4068.0,3536.0,3400.0,3386.0,1876.0,3587.0,4095.0
780255,3984.0,4053.0,3648.0,3296.0,3373.0,1859.0,3567.0,4095.0
780355,4095.0,4072.0,3610.0,3296.0,3379.0,1848.0,3561.0,4095.0
780455,4095.0,4063.0,3623.0,3232.0,3372.0,1848.0,3566.0,4095.0
780555,4095.0,4052.0,3611.0,3264.0,3369.0,1843.0,3567.0,4095.0
780655,3968.0,4055.0,3504.0,3352.0,3395.0,1869.0,3601.0,4095.0
780755,3968.0,4045.0,3696.0,3296.0,3384.0,1861.0,3588.0,4095.0
780855,3992.0,4095.0,3640.0,3296.0,3376.0,1863.0,3585.0,4095.0
780955,3980.0,4086.0,3696.0,3296.0,3397.0,1867.0,3589.0,4095.0
781055,3968.0,4064.0,3504.0,3295.0,3383.0,1843.0,3587.0,4095.0
781155,3968.0,4095.0,3640.0,3296.0,3365.0,1840.0,3563.0,4095.0
781255,3968.0,4076.0,3504.0,3312.0,3379.0,1843.0,3586.0,4095.0
781355,3968.0,4080.0,3504.0,3303.0,3372.0,1843.0,3566.0,4095.0
781455,3968.0,4055.0,3504.0,3360.0,3383.0,1839.0,3557.0,4095.0
781555,3970.0,4095.0,3612.0,3463.0,3376.0,1836.0,3571.0,4095.0
781655,3984.0,4053.0,3504.0,3292.0,3395.0,1847.0,3577.0,4095.0
781755,3968.0,4064.0,3504.0,3392.0,3371.0,1847.0,3564.0,4095.0
781855,3968.0,4088.0,3504.0,3304.0,3384.0,1853.0,3557.0,4095.0
781955,3968.0,4047.0,3504.0,3488.0,3371.0,1847.0,3584.0,4095.0
782055,3968.0,4072.0,3488.0,3384.0,3375.0,1832.0,3587.0,4095.0
782155,3968.0,4095.0,3680.0,3424.0,3385.0,1837.0,3611.0,4095.0
782255,3928.0,4095.0,3632.0,3507.0,3397.0,1845.0,3603.0,4095.0
782355,3916.0,4095.0,3671.0,3551.0,3379.0,1829.0,3595.0,4095.0
782455,4095.0,4095.0,3456.0,3557.0,3385.0,1824.0,3591.0,4095.0
782555,4095.0,4000.0,3567.0,3328.0,3360.0,1833.0,3576.0,4095.0
782655,3991.0,4059.0,3504.0,3472.0,3368.0,1826.0,3567.0,4095.0
782755,3968.0,4085.0,3664.0,3381.0,3372.0,1859.0,3592.0,4095.0
782855,3968.0,4061.0,3678.0,3392.0,3402.0,1852.0,3587.0,4095.0
782955,3968.0,4077.0,3707.0,3392.0,3365.0,1833.0,3580.0,4095.0
783055,3968.0,4071.0,3504.0,3386.0,3357.0,1840.0,3576.0,4095.0
783155,3968.0,4053.0,3680.0,3388.0,3352.0,1832.0,3568.0,4095.0
783255,3980.0,4059.0,3672.0,3360.0,3372.0,1846.0,3595.0,4095.0
783355,4095.0,4079.0,3508.0,3360.0,3377.0,1848.0,3591.0,4095.0
783455,3968.0,4076.0,3704.0,3360.0,3357.0,1834.0,3567.0,4095.0
783555,3968.0,4064.0,3504.0,3360.0,3357.0,1840.0,3566.0,4095.0
783655,4042.0,4052.0,3563.0,3358.0,3403.0,1837.0,3560.0,4095.0
783755,3993.0,4064.0,3576.0,3360.0,3373.0,1839.0,3587.0,4095.0
783855,4095.0,4072.0,3612.0,3486.0,3355.0,1832.0,3565.0,4095.0
783955,4012.0,4095.0,3707.0,3352.0,3351.0,1833.0,3576.0,4095.0
784055,4095.0,4008.0,3495.0,3488.0,3357.0,1824.0,3568.0,4095.0
784155,3968.0,4055.0,3488.0,3416.0,3387.0,1837.0,3573.0,4095.0
784255,3968.0,4035.0,3488.0,3355.0,3380.0,1835.0,3575.0,4095.0
784355,4048.0,4074.0,3560.0,3356.0,3403.0,1836.0,3589.0,4095.0
784455,3968.0,4064.0,3672.0,3356.0,3355.0,1833.0,3565.0,4095.0
784555,4008.0,4095.0,3542.0,3356.0,3375.0,1835.0,3589.0,4095.0
784655,3998.0,4047.0,3520.0,3344.0,3380.0,1832.0,3585.0,4095.0
784755,3976.0,4043.0,3676.0,3344.0,3360.0,1831.0,3569.0,4095.0
784855,3968.0,4043.0,3488.0,3352.0,3372.0,1838.0,3565.0,4095.0
784955,4095.0,3984.0,3470.0,3408.0,3359.0,1825.0,3574.0,4095.0
785055,3982.0,4064.0,3504.0,3353.0,3384.0,1826.0,3575.0,4095.0
785155,3989.0,4061.0,3608.0,3352.0,3349.0,1824.0,3560.0,4095.0
785255,3951.0,4064.0,3562.0,3344.0,3371.0,1837.0,3591.0,4095.0
785355,4060.0,4059.0,3610.0,3344.0,3360.0,1824.0,3568.0,4095.0
785455,4015.0,4049.0,3536.0,3340.0,3351.0,1831.0,3561.0,4095.0
785555,3967.0,4095.0,3584.0,3507.0,3367.0,1824.0,3571.0,4095.0
785655,3968.0,4063.0,3488.0,3340.0,3349.0,1823.0,3565.0,4095.0
785755,3968.0,4075.0,3660.0,3328.0,3353.0,1821.0,3559.0,4095.0
785855,4095.0,4072.0,3420.0,3466.0,3372.0,1828.0,3559.0,4095.0
785955,3968.0,4095.0,3672.0,3360.0,3355.0,1821.0,3564.0,4095.0
786055,3964.0,4068.0,3704.0,3386.0,3388.0,1855.0,3567.0,4095.0
786155,3986.0,4075.0,3504.0,3328.0,3384.0,1872.0,3575.0,4095.0
786305,3968.0,4083.0,3520.0,3315.0,3363.0,1848.0,3576.0,4095.0
786455,3936.0,4095.0,3695.0,3329.0,3360.0,1836.0,3568.0,4095.0
786555,4095.0,4095.0,3632.0,3343.0,3365.0,1827.0,3589.0,4095.0
786655,3888.0,4095.0,3648.0,3367.0,3360.0,1845.0,3568.0,4095.0
786755,4095.0,4071.0,3619.0,3208.0,3383.0,1863.0,3603.0,4095.0
786905,3914.0,4095.0,3640.0,3375.0,3381.0,1833.0,3591.0,4095.0
787055,3976.0,4047.0,3616.0,3248.0,3370.0,1843.0,3591.0,4095.0
787155,3968.0,4047.0,3672.0,3248.0,3360.0,1847.0,3574.0,4095.0
787255,4060.0,4061.0,3520.0,3232.0,3349.0,1824.0,3560.0,4095.0
787355,4095.0,4087.0,3631.0,3168.0,3367.0,1872.0,3563.0,4095.0
787455,3968.0,4063.0,3628.0,3232.0,3383.0,1864.0,3595.0,4095.0
787555,3960.0,4047.0,3488.0,3264.0,3360.0,1853.0,3568.0,4095.0
787805,3968.0,4040.0,3496.0,3232.0,3351.0,1840.0,3563.0,4095.0
788005,3968.0,4061.0,3672.0,3232.0,3352.0,1841.0,3561.0,4095.0
788155,3992.0,4095.0,3707.0,3194.0,3353.0,1840.0,3557.0,4095.0
788255,4095.0,4083.0,3520.0,3200.0,3365.0,1840.0,3559.0,4095.0
788355,4095.0,4095.0,3703.0,3152.0,3364.0,1845.0,3569.0,4095.0
788455,3984.0,4069.0,3646.0,3232.0,3385.0,1837.0,3559.0,4095.0
788555,3997.0,4055.0,3564.0,3216.0,3383.0,1831.0,3573.0,4095.0
788655,4002.0,4067.0,3510.0,3216.0,3357.0,1837.0,3560.0,4095.0
788755,4063.0,4095.0,3520.0,3377.0,3359.0,1840.0,3564.0,4095.0
788855,4000.0,4073.0,3512.0,3192.0,3355.0,1836.0,3563.0,4095.0
788955,4095.0,4095.0,3532.0,3184.0,3365.0,1837.0,3553.0,4095.0
789055,4048.0,4095.0,3504.0,3168.0,3355.0,1849.0,3557.0,4095.0
789155,4000.0,4095.0,3688.0,3223.0,3358.0,1831.0,3564.0,4095.0
789255,3968.0,4095.0,3731.0,3343.0,3355.0,1833.0,3544.0,4095.0
789355,4000.0,4077.0,3520.0,3392.0,3379.0,1852.0,3599.0,4095.0
789455,4000.0,4095.0,3606.0,3320.0,3360.0,1834.0,3570.0,4095.0
789555,4039.0,4089.0,3552.0,3264.0,3387.0,1826.0,3551.0,4095.0
789655,4020.0,4087.0,3504.0,3264.0,3356.0,1835.0,3568.0,4095.0
789755,4095.0,4095.0,3432.0,3408.0,3363.0,1846.0,3557.0,4095.0
789855,4016.0,4088.0,3640.0,3264.0,3347.0,1850.0,3571.0,4095.0
789955,4028.0,4088.0,3640.0,3280.0,3368.0,1841.0,3587.0,4095.0
790055,4000.0,4095.0,3504.0,3288.0,3401.0,1845.0,3595.0,4095.0
790155,4024.0,4093.0,3632.0,3264.0,3363.0,1845.0,3563.0,4095.0
790255,3966.0,4095.0,3648.0,3403.0,3375.0,1835.0,3544.0,4095.0
790355,4000.0,4095.0,3696.0,3356.0,3369.0,1852.0,3571.0,4095.0
790455,3987.0,4095.0,3520.0,3232.0,3376.0,1852.0,3589.0,4095.0
790555,4095.0,4064.0,3456.0,3359.0,3365.0,1868.0,3621.0,4095.0
790655,4095.0,4095.0,3606.0,3262.0,3369.0,1855.0,3583.0,4095.0
790755,4016.0,4095.0,3672.0,3274.0,3371.0,1883.0,3579.0,4095.0
790855,4095.0,4088.0,3567.0,3255.0,3353.0,1841.0,3557.0,4095.0
790955,4095.0,4095.0,3472.0,3383.0,3364.0,1829.0,3577.0,4095.0
791055,4095.0,4095.0,3488.0,3385.0,3355.0,1840.0,3553.0,4095.0
791155,4000.0,4085.0,3520.0,3288.0,3385.0,1852.0,3572.0,4095.0
791255,4095.0,4084.0,3660.0,3292.0,3399.0,1839.0,3545.0,4095.0
791355,4000.0,4095.0,3734.0,3168.0,3387.0,1846.0,3561.0,4095.0
791455,4095.0,4093.0,3616.0,3230.0,3368.0,1838.0,3544.0,4095.0
791555,4095.0,4095.0,3660.0,3192.0,3371.0,1838.0,3536.0,4095.0
791655,4072.0,4095.0,3703.0,3168.0,3372.0,1836.0,3542.0,4095.0
791755,4016.0,4095.0,3504.0,3184.0,3375.0,1843.0,3547.0,4095.0
791855,4046.0,4095.0,3648.0,3296.0,3385.0,1859.0,3549.0,4095.0
791955,4000.0,4095.0,3520.0,3168.0,3400.0,1856.0,3542.0,4095.0
792055,4027.0,4095.0,3648.0,3172.0,3389.0,1869.0,3529.0,4095.0
792155,4033.0,4092.0,3576.0,3192.0,3428.0,1861.0,3557.0,4095.0
792255,4000.0,4086.0,3648.0,3184.0,3408.0,1869.0,3548.0,4095.0
792355,4095.0,4093.0,3676.0,3184.0,3408.0,1869.0,3552.0,4095.0
792455,4000.0,4095.0,3728.0,3168.0,3416.0,1880.0,3550.0,4095.0
792555,4000.0,4095.0,3680.0,3192.0,3397.0,1868.0,3528.0,4095.0
792655,4000.0,4095.0,3520.0,3184.0,3402.0,1844.0,3541.0,4095.0
792755,4000.0,4093.0,3712.0,3168.0,3401.0,1838.0,3528.0,4095.0
792855,4076.0,4095.0,3520.0,3185.0,3391.0,1831.0,3532.0,4095.0
792955,4095.0,4079.0,3568.0,3160.0,3381.0,1828.0,3519.0,4095.0
793055,4000.0,4087.0,3504.0,3247.0,3388.0,1824.0,3532.0,4095.0
793155,4000.0,4087.0,3672.0,3164.0,3391.0,1834.0,3528.0,4095.0
793255,4016.0,4095.0,3504.0,3160.0,3391.0,1824.0,3520.0,4095.0
793355,4056.0,4095.0,3504.0,3160.0,3377.0,1825.0,3519.0,4095.0
793455,4032.0,4095.0,3552.0,3166.0,3379.0,1824.0,3517.0,4095.0
793555,4095.0,4087.0,3632.0,3179.0,3425.0,1822.0,3511.0,4095.0
793655,4023.0,4095.0,3660.0,3176.0,3387.0,1824.0,3520.0,4095.0
793755,3960.0,4095.0,3735.0,3231.0,3387.0,1840.0,3667.0,4095.0
793855,4095.0,4032.0,3496.0,3248.0,3419.0,1824.0,3548.0,4095.0
793955,4000.0,4095.0,3550.0,3189.0,3387.0,1831.0,3539.0,4095.0
794055,4000.0,4095.0,3520.0,3164.0,3399.0,1835.0,3547.0,4095.0
794155,4000.0,4095.0,3520.0,3168.0,3381.0,1823.0,3520.0,4095.0
794255,4000.0,4095.0,3696.0,3164.0,3388.0,1830.0,3534.0,4095.0
794355,4000.0,4095.0,3692.0,3168.0,3433.0,1837.0,3539.0,4095.0
794455,4013.0,4095.0,3488.0,3173.0,3387.0,1841.0,3537.0,4095.0
794555,4095.0,4091.0,3520.0,3168.0,3403.0,1845.0,3563.0,4095.0
794655,4016.0,4095.0,3696.0,3168.0,3418.0,1813.0,3515.0,4095.0
794755,4043.0,4095.0,3576.0,3337.0,3383.0,1828.0,3533.0,4095.0
794855,4095.0,4095.0,3680.0,3152.0,3413.0,1834.0,3555.0,4095.0
794955,4020.0,4077.0,3520.0,3136.0,3389.0,1824.0,3513.0,4095.0
795055,4095.0,4095.0,3583.0,3120.0,3387.0,1829.0,3540.0,4095.0
795155,4095.0,4056.0,3484.0,3264.0,3416.0,1824.0,3529.0,4095.0
795255,3943.0,4095.0,3706.0,3267.0,3409.0,1829.0,3545.0,4095.0
795355,4015.0,4095.0,3507.0,3124.0,3409.0,1827.0,3570.0,4095.0
795455,4000.0,4095.0,3504.0,3216.0,3409.0,1821.0,3543.0,4095.0
795555,4000.0,4085.0,3696.0,3312.0,3397.0,1837.0,3563.0,4095.0
795655,4095.0,4095.0,3568.0,3264.0,3371.0,1826.0,3548.0,4095.0
795755,4012.0,4095.0,3488.0,3224.0,3381.0,1839.0,3557.0,4095.0
795855,4024.0,4087.0,3528.0,3184.0,3544.0,1787.0,3558.0,4095.0
795955,4095.0,4076.0,3404.0,3324.0,3523.0,1781.0,3545.0,4095.0
796055,4064.0,4063.0,3552.0,3197.0,3663.0,1739.0,3577.0,4095.0
796155,4022.0,4078.0,3550.0,3187.0,3356.0,1819.0,3672.0,4095.0
796255,4000.0,4095.0,3456.0,3232.0,4049.0,1644.0,3614.0,4095.0
796355,3968.0,4049.0,3584.0,3264.0,4011.0,1656.0,3611.0,4095.0
796455,3888.0,3968.0,3550.0,3232.0,3451.0,1800.0,3651.0,4095.0
796555,3968.0,4063.0,3576.0,3312.0,3456.0,1806.0,3596.0,4095.0
796655,3980.0,4047.0,3616.0,3200.0,3481.0,1789.0,3567.0,4095.0
796755,3983.0,4045.0,3647.0,3212.0,3531.0,1778.0,3563.0,4095.0
796855,3984.0,4080.0,3598.0,3278.0,3628.0,1758.0,3552.0,4095.0
796955,3916.0,4095.0,3615.0,3295.0,3591.0,1776.0,3559.0,4095.0
797055,3992.0,4088.0,3440.0,3212.0,3608.0,1760.0,3560.0,4095.0
797155,3996.0,4079.0,3640.0,3232.0,3403.0,1843.0,3580.0,4095.0
797255,3992.0,4077.0,3600.0,3232.0,3401.0,1824.0,3563.0,4095.0
797355,4000.0,4072.0,3453.0,3354.0,3392.0,1841.0,3592.0,4095.0
797455,4095.0,4067.0,3461.0,3312.0,3349.0,1879.0,3596.0,4095.0
797555,4095.0,4026.0,3428.0,3427.0,3423.0,1969.0,3628.0,4095.0
797655,4095.0,4052.0,3471.0,3392.0,3483.0,2172.0,3677.0,4095.0
797755,4095.0,4070.0,3503.0,3264.0,3385.0,1876.0,3580.0,4095.0
797855,4000.0,4092.0,3612.0,3216.0,3349.0,1856.0,3574.0,4095.0
797955,3992.0,4095.0,3631.0,3208.0,3344.0,1872.0,3580.0,4095.0
798055,4008.0,4095.0,3502.0,3200.0,3387.0,1880.0,3576.0,4095.0
798155,4000.0,4088.0,3546.0,3216.0,3350.0,1867.0,3575.0,4095.0
798255,4000.0,4056.0,3440.0,3192.0,3367.0,1887.0,3602.0,4095.0
798355,4095.0,4067.0,3452.0,3168.0,3347.0,1875.0,3560.0,4095.0
798455,3984.0,4064.0,3484.0,3229.0,3351.0,1895.0,3571.0,4095.0
798555,3984.0,4065.0,3480.0,3152.0,3367.0,1877.0,3576.0,4095.0
798655,3992.0,4047.0,3484.0,3152.0,3356.0,1888.0,3560.0,4095.0
798755,3984.0,4095.0,3676.0,3152.0,3349.0,1879.0,3551.0,4095.0
798855,3984.0,4080.0,3480.0,3173.0,3347.0,1880.0,3559.0,4095.0
798955,4027.0,4053.0,3488.0,3144.0,3351.0,1875.0,3552.0,4095.0
799055,3984.0,4080.0,3691.0,3184.0,3351.0,1886.0,3565.0,4095.0
799155,3984.0,4094.0,3640.0,3184.0,3341.0,1869.0,3551.0,4095.0
799255,3984.0,4064.0,3488.0,3087.0,3353.0,1864.0,3558.0,4095.0
799355,3918.0,4095.0,3587.0,3271.0,3385.0,1861.0,3571.0,4095.0
799455,4095.0,4024.0,3487.0,3072.0,3339.0,1865.0,3545.0,4095.0
799555,3960.0,4095.0,3679.0,3183.0,3339.0,1887.0,3541.0,4095.0
799655,4000.0,4071.0,3594.0,3156.0,3344.0,1867.0,3550.0,4095.0
799755,3992.0,4063.0,3440.0,3148.0,3333.0,1854.0,3539.0,4095.0
799855,4095.0,4059.0,3456.0,3136.0,3333.0,1849.0,3541.0,4095.0
799955,4019.0,4095.0,3456.0,3136.0,3336.0,1850.0,3542.0,4095.0
800055,4000.0,4059.0,3440.0,3136.0,3349.0,1861.0,3560.0,4095.0
800155,4000.0,4073.0,3461.0,3150.0,3369.0,1854.0,3556.0,4095.0
800255,4037.0,4059.0,3500.0,3136.0,3377.0,1853.0,3539.0,4095.0
800355,3998.0,4071.0,3640.0,3136.0,3363.0,1847.0,3565.0,4095.0
800455,4000.0,4095.0,3532.0,3166.0,3359.0,1847.0,3531.0,4095.0
800555,4027.0,4092.0,3448.0,3136.0,3355.0,1849.0,3543.0,4095.0
800655,3992.0,4095.0,3612.0,3144.0,3353.0,1850.0,3559.0,4095.0
800755,4010.0,4083.0,3512.0,3152.0,3333.0,1848.0,3544.0,4095.0
800855,3996.0,4079.0,3440.0,3136.0,3340.0,1849.0,3546.0,4095.0
800955,4095.0,4044.0,3456.0,3214.0,3346.0,1861.0,3560.0,4095.0
801055,4000.0,4094.0,3528.0,3151.0,3331.0,1849.0,3544.0,4095.0
801155,4059.0,4095.0,3440.0,3136.0,3328.0,1851.0,3552.0,4095.0
801255,4000.0,4071.0,3600.0,3144.0,3357.0,1849.0,3549.0,4095.0
801355,3920.0,4095.0,3629.0,3199.0,3355.0,1863.0,3571.0,4095.0
801455,4017.0,4051.0,3500.0,3136.0,3336.0,1848.0,3552.0,4095.0
801555,3992.0,4059.0,3452.0,3240.0,3344.0,1845.0,3559.0,4095.0
801655,3992.0,4080.0,3631.0,3132.0,3361.0,1875.0,3576.0,4095.0
801755,4000.0,4092.0,3616.0,3198.0,3347.0,1853.0,3566.0,4095.0
801855,4095.0,4079.0,3440.0,3132.0,3335.0,1853.0,3551.0,4095.0
801955,3964.0,4095.0,3616.0,3123.0,3335.0,1848.0,3556.0,4095.0
802055,4095.0,4095.0,3575.0,3102.0,3337.0,1864.0,3555.0,4095.0
802155,3996.0,4080.0,3616.0,3129.0,3333.0,1856.0,3549.0,4095.0
802255,4056.0,4095.0,3671.0,3087.0,3356.0,1865.0,3569.0,4095.0
802355,4000.0,4073.0,3612.0,3131.0,3337.0,1856.0,3547.0,4095.0
802455,4023.0,4095.0,3632.0,3104.0,3342.0,1856.0,3562.0,4095.0
802555,4014.0,4095.0,3500.0,3136.0,3365.0,1852.0,3549.0,4095.0
802655,4029.0,4055.0,3456.0,3120.0,3342.0,1856.0,3558.0,4095.0
802755,4048.0,4095.0,3440.0,3128.0,3331.0,1856.0,3549.0,4095.0
802855,4000.0,4071.0,3584.0,3132.0,3349.0,1851.0,3567.0,4095.0
802955,4095.0,4095.0,3635.0,3116.0,3349.0,1872.0,3547.0,4095.0
803055,4000.0,4080.0,3552.0,3216.0,3347.0,1855.0,3554.0,4095.0
803155,3996.0,4081.0,3598.0,3120.0,3337.0,1868.0,3543.0,4095.0
803255,3996.0,4053.0,3448.0,3120.0,3321.0,1861.0,3552.0,4095.0
803355,4019.0,4080.0,3596.0,3120.0,3341.0,1856.0,3549.0,4095.0
803455,3992.0,4057.0,3444.0,3128.0,3333.0,1855.0,3548.0,4095.0
803555,4000.0,4080.0,3580.0,3120.0,3340.0,1860.0,3555.0,4095.0
803655,4095.0,4095.0,3607.0,3052.0,3336.0,1856.0,3548.0,4095.0
803755,4095.0,4095.0,3527.0,3120.0,3356.0,1873.0,3571.0,4095.0
803855,3952.0,4095.0,3635.0,3177.0,3349.0,1861.0,3539.0,4095.0
803955,3973.0,4095.0,3440.0,3200.0,3341.0,1863.0,3553.0,4095.0
804055,4095.0,4094.0,3440.0,3104.0,3325.0,1853.0,3541.0,4095.0
804155,4095.0,4095.0,3567.0,3072.0,3340.0,1856.0,3550.0,4095.0
804255,4000.0,4095.0,3584.0,3112.0,3342.0,1875.0,3556.0,4095.0
804355,3968.0,4095.0,3623.0,3151.0,3341.0,1868.0,3550.0,4095.0
804455,3996.0,4067.0,3440.0,3104.0,3343.0,1868.0,3550.0,4095.0
804555,4000.0,4090.0,3548.0,3104.0,3361.0,1868.0,3573.0,4095.0
804655,4095.0,4095.0,3563.0,3072.0,3355.0,1867.0,3562.0,4095.0
804755,3996.0,4075.0,3440.0,3112.0,3342.0,1875.0,3550.0,4095.0
804855,4000.0,4077.0,3518.0,3176.0,3331.0,1872.0,3541.0,4095.0
804955,4032.0,4057.0,3440.0,3104.0,3340.0,1867.0,3552.0,4095.0
805055,4095.0,4095.0,3639.0,3040.0,3339.0,1864.0,3543.0,4095.0
805155,4080.0,4057.0,3424.0,3120.0,3356.0,1865.0,3549.0,4095.0
805255,4017.0,4091.0,3472.0,3104.0,3319.0,1841.0,3539.0,4095.0
805355,3996.0,4072.0,3580.0,3112.0,3347.0,1843.0,3543.0,4095.0
805455,4095.0,4032.0,3372.0,3259.0,3355.0,1841.0,3552.0,4095.0
805555,4067.0,4012.0,3408.0,3279.0,3335.0,1873.0,3544.0,4095.0
805655,4000.0,4090.0,3616.0,3104.0,3336.0,1848.0,3551.0,4095.0
805755,3932.0,4095.0,3584.0,3123.0,3323.0,1847.0,3552.0,4095.0
805855,3996.0,4080.0,3608.0,3104.0,3471.0,1850.0,3681.0,4095.0
805955,3984.0,4080.0,3584.0,3104.0,3349.0,1853.0,3544.0,4095.0
806055,4000.0,4088.0,3616.0,3104.0,3369.0,1836.0,3551.0,4095.0
806155,3984.0,4064.0,3596.0,3104.0,3359.0,1832.0,3552.0,4095.0
806255,4000.0,4063.0,3432.0,3104.0,3359.0,1824.0,3550.0,4095.0
806355,4000.0,4063.0,3470.0,3118.0,3357.0,1848.0,3548.0,4095.0
806455,4088.0,4057.0,3424.0,3118.0,3371.0,1827.0,3564.0,4095.0
806555,4000.0,4079.0,3600.0,3104.0,3383.0,1844.0,3553.0,4095.0
806655,3996.0,4063.0,3440.0,3104.0,3373.0,1843.0,3561.0,4095.0
806755,4000.0,4080.0,3440.0,3116.0,3365.0,1826.0,3555.0,4095.0
806855,4000.0,4095.0,3504.0,3104.0,3368.0,1848.0,3550.0,4095.0
806955,3996.0,4077.0,3424.0,3104.0,3374.0,1856.0,3548.0,4095.0
807055,4008.0,4059.0,3440.0,3104.0,3400.0,1879.0,3565.0,4095.0
807155,3984.0,4095.0,3607.0,3084.0,3363.0,1866.0,3553.0,4095.0
807255,4095.0,4069.0,3424.0,3120.0,3381.0,1868.0,3552.0,4095.0
807355,4008.0,4090.0,3480.0,3128.0,3387.0,1915.0,3563.0,4095.0
807455,4000.0,4078.0,3608.0,3129.0,3373.0,1892.0,3555.0,4095.0
807555,4000.0,4095.0,3480.0,3123.0,3367.0,1880.0,3547.0,4095.0
807655,4039.0,4089.0,3476.0,3104.0,3373.0,1884.0,3555.0,4095.0
807755,4095.0,4093.0,3511.0,3164.0,3375.0,1879.0,3552.0,4095.0
807855,4071.0,4095.0,3615.0,3052.0,3409.0,1877.0,3592.0,4095.0
807955,3904.0,4095.0,3611.0,3167.0,3395.0,1856.0,3564.0,4095.0
808055,4003.0,4095.0,3484.0,3251.0,3403.0,1861.0,3575.0,4095.0
808155,3979.0,4063.0,3452.0,3087.0,3377.0,1861.0,3540.0,4095.0
808255,3984.0,4075.0,3584.0,3090.0,3363.0,1877.0,3551.0,4095.0
808355,4000.0,4080.0,3568.0,3164.0,3371.0,1856.0,3544.0,4095.0
808455,4000.0,4092.0,3468.0,3176.0,3368.0,1856.0,3544.0,4095.0
808555,3998.0,4071.0,3436.0,3088.0,3409.0,1855.0,3543.0,4095.0
808655,3968.0,4095.0,3625.0,3103.0,3376.0,1880.0,3549.0,4095.0
808755,4020.0,4080.0,3424.0,3084.0,3376.0,1884.0,3547.0,4095.0
808855,4000.0,4090.0,3536.0,3088.0,3371.0,1879.0,3547.0,4095.0
808955,3992.0,4060.0,3436.0,3072.0,3369.0,1879.0,3559.0,4095.0
809055,4008.0,4053.0,3516.0,3072.0,3371.0,1875.0,3543.0,4095.0
809155,3996.0,4055.0,3562.0,3098.0,3369.0,1880.0,3544.0,4095.0
809255,3984.0,4063.0,3616.0,3105.0,3382.0,1880.0,3552.0,4095.0
809355,4095.0,4092.0,3456.0,3168.0,3372.0,1879.0,3551.0,4095.0
809455,4095.0,4024.0,3471.0,3024.0,3377.0,1874.0,3562.0,4095.0
809555,3984.0,4083.0,3452.0,3072.0,3373.0,1872.0,3545.0,4095.0
809655,3992.0,4077.0,3456.0,3168.0,3382.0,1877.0,3561.0,4095.0
809755,3996.0,4079.0,3606.0,3200.0,3383.0,1875.0,3557.0,4095.0
809855,4000.0,4091.0,3640.0,3072.0,3372.0,1856.0,3548.0,4095.0
809955,4095.0,4067.0,3487.0,3223.0,3391.0,1870.0,3552.0,4095.0
810055,4095.0,4095.0,3567.0,3152.0,3389.0,1869.0,3565.0,4095.0
810155,4076.0,4095.0,3470.0,3072.0,3368.0,1856.0,3544.0,4095.0
810255,4063.0,4053.0,3480.0,3072.0,3368.0,1859.0,3537.0,4095.0
810355,4025.0,4057.0,3530.0,3072.0,3381.0,1863.0,3563.0,4095.0
810455,4000.0,4071.0,3432.0,3072.0,3380.0,1880.0,3555.0,4095.0
810555,4000.0,4095.0,3536.0,3196.0,3387.0,1861.0,3574.0,4095.0
810655,4027.0,4095.0,3424.0,3072.0,3395.0,1867.0,3560.0,4095.0
810755,4000.0,4080.0,3640.0,3072.0,3388.0,1895.0,3561.0,4095.0
810855,3996.0,4071.0,3568.0,3072.0,3367.0,1884.0,3538.0,4095.0
810955,3996.0,4051.0,3444.0,3134.0,3371.0,1856.0,3548.0,4095.0
811055,4000.0,4055.0,3504.0,3120.0,3368.0,1856.0,3544.0,4095.0
811155,4095.0,3992.0,3391.0,3208.0,3401.0,1864.0,3566.0,4095.0
811255,3984.0,4077.0,3440.0,3072.0,3371.0,1859.0,3544.0,4095.0
811355,3996.0,4069.0,3612.0,3072.0,3379.0,1856.0,3553.0,4095.0
811455,3975.0,4075.0,3440.0,3072.0,3360.0,1851.0,3539.0,4095.0
811555,4000.0,4077.0,3616.0,3072.0,3367.0,1852.0,3544.0,4095.0
811655,4094.0,4092.0,3440.0,3072.0,3355.0,1854.0,3543.0,4095.0
811755,4095.0,4048.0,3388.0,3239.0,3355.0,1856.0,3543.0,4095.0
811855,3952.0,4095.0,3625.0,3095.0,3368.0,1856.0,3548.0,4095.0
811955,4000.0,4095.0,3637.0,3060.0,3360.0,1849.0,3540.0,4095.0
812055,4095.0,4095.0,3619.0,3120.0,3385.0,1851.0,3555.0,4095.0
812155,3976.0,4095.0,3607.0,3040.0,3360.0,1853.0,3535.0,4095.0
812255,4095.0,4095.0,3456.0,3211.0,3415.0,1864.0,3565.0,4095.0
812355,4095.0,4032.0,3410.0,3184.0,3368.0,1856.0,3548.0,4095.0
812455,4000.0,4067.0,3424.0,3120.0,3531.0,2190.0,3680.0,4095.0
812555,4080.0,4067.0,3440.0,3216.0,3525.0,2197.0,3680.0,4095.0
812655,4000.0,4067.0,3568.0,3312.0,3531.0,2197.0,3696.0,4095.0
812755,4000.0,4076.0,3534.0,3240.0,3508.0,2185.0,3725.0,4095.0
812855,4032.0,4095.0,3456.0,3244.0,3517.0,2184.0,3747.0,4095.0
812955,4095.0,4095.0,3535.0,3320.0,3555.0,2193.0,3744.0,4095.0
813055,4071.0,4095.0,3736.0,3292.0,3525.0,2210.0,3735.0,4095.0
813155,4095.0,4081.0,4095.0,3358.0,3539.0,2189.0,3744.0,4095.0
813255,4095.0,4095.0,3692.0,3423.0,3528.0,2200.0,3745.0,4095.0
813355,3987.0,4095.0,4095.0,3320.0,3537.0,2203.0,3732.0,4095.0
813455,4095.0,4088.0,3827.0,3192.0,3559.0,2203.0,3738.0,4095.0
813555,4095.0,4095.0,3648.0,3064.0,3614.0,2143.0,4095.0,4095.0
813655,4095.0,4095.0,3724.0,2600.0,3595.0,2169.0,3944.0,4095.0
813755,4095.0,4095.0,3568.0,1808.0,3608.0,2192.0,3872.0,4095.0
813855,4095.0,4095.0,3544.0,1264.0,3573.0,2211.0,3891.0,4095.0
814055,4095.0,4095.0,3408.0,943.0,3633.0,1928.0,4095.0,4095.0
814155,4095.0,4095.0,3583.0,768.0,3608.0,1932.0,4073.0,4095.0
814255,4095.0,4095.0,3439.0,701.0,3624.0,1974.0,4028.0,4095.0
814405,4095.0,4095.0,3488.0,668.0,3664.0,2201.0,4037.0,4095.0
814505,4095.0,4095.0,3576.0,684.0,3691.0,2192.0,3983.0,4095.0
814705,4041.0,4095.0,3600.0,1022.0,3668.0,2206.0,3996.0,4095.0
814805,4095.0,4095.0,3808.0,1071.0,3661.0,2216.0,4006.0,4095.0
814955,4095.0,4095.0,3696.0,1000.0,3675.0,2208.0,3935.0,4095.0
815055,4063.0,4095.0,3760.0,1024.0,3784.0,2191.0,3895.0,4095.0
815205,4095.0,4095.0,3568.0,1136.0,3665.0,2207.0,3902.0,4095.0
815355,4095.0,4095.0,3591.0,1196.0,3669.0,2199.0,3877.0,4095.0
815455,4095.0,4095.0,3792.0,1134.0,3665.0,2205.0,3919.0,4095.0
815555,4095.0,4095.0,3774.0,1082.0,3660.0,2200.0,3913.0,4095.0
815655,4095.0,4095.0,3648.0,1084.0,3704.0,2204.0,3896.0,4095.0
815755,4095.0,4095.0,3568.0,1120.0,3657.0,2227.0,3901.0,4095.0
815855,4095.0,4095.0,3760.0,1164.0,3683.0,2185.0,3914.0,4095.0
815955,4095.0,4095.0,3568.0,1144.0,3676.0,2201.0,3880.0,4095.0
816055,4095.0,4095.0,3760.0,1136.0,3656.0,2214.0,3888.0,4095.0
816155,4095.0,4095.0,3568.0,1136.0,3683.0,2209.0,3863.0,4095.0
816255,4095.0,4095.0,3511.0,1166.0,3683.0,2192.0,3899.0,4095.0
816355,4000.0,4067.0,3591.0,1056.0,3644.0,2205.0,3877.0,4095.0
816455,4095.0,4095.0,3568.0,1152.0,3673.0,2202.0,3808.0,4095.0
816555,4095.0,4095.0,3500.0,1175.0,3659.0,2202.0,3803.0,4095.0
816655,4095.0,4095.0,3707.0,1056.0,3641.0,2200.0,3827.0,4095.0
816755,4080.0,4095.0,3648.0,1080.0,3637.0,2217.0,3806.0,4095.0
816855,4092.0,4095.0,3568.0,1168.0,3661.0,2201.0,3800.0,4095.0
816955,4095.0,4095.0,3568.0,1076.0,3637.0,2211.0,3807.0,4095.0
817055,4095.0,4095.0,3756.0,1152.0,3636.0,2189.0,3843.0,4095.0
817255,4095.0,4095.0,3742.0,1073.0,3644.0,2203.0,3857.0,4095.0
817455,4095.0,4095.0,3671.0,1072.0,3656.0,2204.0,3832.0,4095.0
817555,4094.0,4095.0,3586.0,1168.0,3641.0,2201.0,3833.0,4095.0
817655,4092.0,4095.0,3568.0,1168.0,3659.0,2199.0,3811.0,4095.0
817755,4088.0,4095.0,3568.0,1093.0,3641.0,2203.0,3829.0,4095.0
817855,4095.0,4095.0,3791.0,1120.0,3632.0,2200.0,3835.0,4095.0
817955,4095.0,4095.0,3616.0,1159.0,3623.0,2275.0,3943.0,4095.0
818055,4095.0,4095.0,3744.0,1150.0,3661.0,2201.0,3812.0,4095.0
818155,4080.0,4095.0,3672.0,1112.0,3637.0,2218.0,3813.0,4095.0
818255,4088.0,4095.0,3568.0,1133.0,3661.0,2199.0,3824.0,4095.0
818355,4095.0,4095.0,3744.0,1104.0,3645.0,2199.0,3855.0,4095.0
818455,4095.0,4095.0,3708.0,1073.0,3642.0,2193.0,3859.0,4095.0
818555,4095.0,4095.0,3520.0,1173.0,3639.0,2193.0,3851.0,4095.0
818655,4095.0,4095.0,3704.0,1132.0,3643.0,2200.0,3860.0,4095.0
818755,4095.0,4095.0,3575.0,1088.0,3659.0,2200.0,3808.0,4095.0
818855,4095.0,4095.0,3589.0,1088.0,3625.0,2214.0,3831.0,4095.0
818955,4095.0,4095.0,3759.0,1135.0,3642.0,2199.0,3833.0,4095.0
819055,4095.0,4095.0,3552.0,1144.0,3656.0,2199.0,3813.0,4095.0
819155,4095.0,4095.0,3552.0,1136.0,3657.0,2213.0,3822.0,4095.0
819255,4095.0,4095.0,3552.0,1164.0,3644.0,2201.0,3847.0,4095.0
819355,4080.0,4095.0,3564.0,1088.0,3627.0,2201.0,3815.0,4095.0
819555,4080.0,4095.0,3576.0,1088.0,3635.0,2199.0,3827.0,4095.0
819705,4095.0,4095.0,3552.0,1120.0,3647.0,2185.0,3813.0,4095.0
819805,4028.0,4095.0,3744.0,1095.0,3664.0,2200.0,3815.0,4095.0
819955,4095.0,4095.0,3639.0,1112.0,3639.0,2189.0,3807.0,4095.0
820055,4095.0,4095.0,3631.0,1150.0,3651.0,2191.0,3824.0,4095.0
820155,4024.0,4095.0,3740.0,1119.0,3641.0,2208.0,3816.0,4095.0
820255,4095.0,4095.0,3576.0,1166.0,3672.0,2196.0,3823.0,4095.0
820355,4095.0,4095.0,3731.0,1056.0,3645.0,2192.0,3807.0,4095.0
820455,4095.0,4094.0,3563.0,1116.0,3644.0,2191.0,3816.0,4095.0
820555,4095.0,4095.0,3552.0,1065.0,3671.0,2199.0,3808.0,4095.0
820655,4095.0,4095.0,3544.0,1072.0,3665.0,2185.0,3811.0,4095.0
820755,4095.0,4095.0,3679.0,1067.0,3641.0,2199.0,3820.0,4095.0
820855,4095.0,4084.0,3555.0,1084.0,3687.0,2190.0,3816.0,4095.0
820955,4063.0,4095.0,3536.0,1044.0,3659.0,2187.0,3793.0,4095.0
821055,4064.0,4095.0,3626.0,1056.0,3632.0,2199.0,3813.0,4095.0
821155,4080.0,4095.0,3552.0,1056.0,3676.0,2191.0,3800.0,4095.0
821255,4095.0,4095.0,3628.0,1040.0,3623.0,2213.0,3804.0,4095.0
821355,4080.0,4095.0,3520.0,1056.0,3640.0,2212.0,3820.0,4095.0
821455,4080.0,4095.0,3612.0,1056.0,3641.0,2200.0,3791.0,4095.0
821555,4080.0,4095.0,3606.0,1070.0,3621.0,2201.0,3811.0,4095.0
821655,4080.0,4095.0,3769.0,1034.0,3634.0,2198.0,3787.0,4095.0
821755,4080.0,4095.0,3520.0,1048.0,3651.0,2198.0,3791.0,4095.0
821855,4095.0,4095.0,3568.0,1116.0,3628.0,2199.0,3820.0,4095.0
821955,4095.0,4095.0,3470.0,1149.0,3641.0,2198.0,3785.0,4095.0
822055,4095.0,4095.0,3626.0,1072.0,3651.0,2196.0,3787.0,4095.0
822155,4080.0,4095.0,3552.0,1136.0,3619.0,2204.0,3805.0,4095.0
822255,4080.0,4095.0,3712.0,1056.0,3619.0,2207.0,3799.0,4095.0
822355,4080.0,4095.0,3728.0,1120.0,3624.0,2196.0,3809.0,4095.0
822455,4095.0,4095.0,3587.0,1084.0,3635.0,2204.0,3804.0,4095.0
822555,4082.0,4095.0,3600.0,1103.0,3636.0,2212.0,3788.0,4095.0
822655,4095.0,4095.0,3591.0,1119.0,3631.0,2191.0,3820.0,4095.0
822755,4095.0,4095.0,3555.0,1048.0,3627.0,2202.0,3788.0,4095.0
822855,4064.0,4095.0,3534.0,1073.0,3637.0,2209.0,3790.0,4095.0
822955,4095.0,4095.0,3660.0,1072.0,3624.0,2219.0,3809.0,4095.0
823055,4095.0,4095.0,3612.0,1136.0,3643.0,2204.0,3799.0,4095.0
823155,4080.0,4095.0,3520.0,1120.0,3628.0,2195.0,3815.0,4095.0
823255,4095.0,4095.0,3612.0,1136.0,3631.0,2209.0,3809.0,4095.0
823355,4088.0,4095.0,3632.0,1168.0,3636.0,2187.0,3801.0,4095.0
823455,4064.0,4095.0,3536.0,1152.0,3641.0,2195.0,3794.0,4095.0
823555,4095.0,4095.0,3648.0,1200.0,3653.0,2191.0,3791.0,4095.0
823655,4080.0,4095.0,3536.0,1136.0,3685.0,2188.0,3787.0,4095.0
823755,4095.0,4095.0,3448.0,1211.0,3711.0,2159.0,3771.0,4095.0
823855,4095.0,4095.0,3656.0,1208.0,3676.0,2174.0,3807.0,4095.0
823955,4016.0,4095.0,3691.0,1127.0,3693.0,2176.0,3775.0,4095.0
824055,4095.0,4095.0,3520.0,1174.0,3689.0,2182.0,3776.0,4095.0
824155,4095.0,4095.0,3604.0,1184.0,3683.0,2176.0,3783.0,4095.0
824255,4064.0,4095.0,3740.0,1164.0,3656.0,2179.0,3803.0,4095.0
824355,4088.0,4095.0,3712.0,1120.0,3637.0,2188.0,3776.0,4095.0
824455,4095.0,4095.0,3637.0,1120.0,3641.0,2203.0,3769.0,4095.0
824555,4064.0,4095.0,3520.0,1144.0,3639.0,2188.0,3803.0,4095.0
824655,4046.0,4095.0,3723.0,1119.0,3655.0,2183.0,3773.0,4095.0
824755,4032.0,4095.0,3715.0,1123.0,3675.0,2174.0,3782.0,4095.0
824855,4095.0,4095.0,3705.0,1088.0,3636.0,2187.0,3784.0,4095.0
824955,4095.0,4095.0,3550.0,1175.0,3658.0,2173.0,3803.0,4095.0
825055,4095.0,4095.0,3667.0,1088.0,3646.0,2179.0,3795.0,4095.0
825155,4064.0,4095.0,3709.0,1100.0,3655.0,2200.0,3803.0,4095.0
825255,4064.0,4095.0,3520.0,1168.0,3644.0,2194.0,3803.0,4095.0
825355,4080.0,4095.0,3672.0,1131.0,3627.0,2191.0,3791.0,4095.0
825455,4080.0,4095.0,3736.0,1120.0,3643.0,2188.0,3786.0,4095.0
825555,4080.0,4095.0,3736.0,1120.0,3615.0,2185.0,3799.0,4095.0
825655,4064.0,4095.0,3520.0,1120.0,3638.0,2185.0,3771.0,4095.0
825755,4088.0,4095.0,3566.0,1116.0,3645.0,2192.0,3775.0,4095.0
825855,4064.0,4095.0,3712.0,1167.0,3633.0,2200.0,3785.0,4095.0
825955,4064.0,4095.0,3532.0,1120.0,3613.0,2201.0,3786.0,4095.0
826055,4095.0,4095.0,3520.0,1118.0,3645.0,2191.0,3776.0,4095.0
826155,4080.0,4095.0,3704.0,1120.0,3653.0,2195.0,3784.0,4095.0
826255,4095.0,4095.0,3712.0,1196.0,3615.0,2215.0,3795.0,4095.0
826355,4095.0,4095.0,3736.0,1136.0,3616.0,2209.0,3797.0,4095.0
826455,4095.0,4095.0,3544.0,1196.0,3665.0,2195.0,3774.0,4095.0
826555,4095.0,4095.0,3660.0,1192.0,3607.0,2193.0,3784.0,4095.0
826655,4080.0,4095.0,3552.0,1133.0,3644.0,2200.0,3773.0,4095.0
826755,4084.0,4095.0,3728.0,1120.0,3641.0,2195.0,3776.0,4095.0
826855,4080.0,4095.0,3696.0,1120.0,3637.0,2196.0,3769.0,4095.0
826955,4095.0,4095.0,3559.0,1192.0,3632.0,2191.0,3768.0,4095.0
827055,4064.0,4095.0,3552.0,1174.0,3622.0,2199.0,3796.0,4095.0
827155,4064.0,4095.0,3760.0,1152.0,3624.0,2185.0,3783.0,4095.0
827255,4080.0,4095.0,3516.0,1153.0,3612.0,2201.0,3780.0,4095.0
827355,4064.0,4095.0,3512.0,1120.0,3616.0,2215.0,3796.0,4095.0
827455,4095.0,4095.0,3710.0,1116.0,3661.0,2196.0,3771.0,4095.0
827555,4064.0,4095.0,3560.0,1184.0,3627.0,2191.0,3765.0,4095.0
827655,4095.0,4095.0,3503.0,1180.0,3628.0,2200.0,3915.0,4095.0
827755,4064.0,4095.0,3520.0,1119.0,3613.0,2189.0,3791.0,4095.0
827955,4080.0,4095.0,3512.0,1120.0,3633.0,2201.0,3763.0,4095.0
828105,4064.0,4095.0,3520.0,1150.0,3623.0,2192.0,3803.0,4095.0
828205,4095.0,4095.0,3544.0,1120.0,3611.0,2196.0,3772.0,4095.0
828305,4095.0,4095.0,3529.0,1200.0,3611.0,2198.0,3772.0,4095.0
828405,4080.0,4095.0,3708.0,1120.0,3625.0,2195.0,3811.0,4095.0
828505,4080.0,4095.0,3518.0,1136.0,3633.0,2193.0,3757.0,4095.0
828605,4080.0,4095.0,3520.0,1144.0,3623.0,2204.0,3776.0,4095.0
828705,4095.0,4095.0,3644.0,1112.0,3611.0,2200.0,3767.0,4095.0
828805,4086.0,4095.0,3520.0,1120.0,3621.0,2195.0,3800.0,4095.0
828905,4000.0,4095.0,3688.0,1135.0,3641.0,2210.0,3768.0,4095.0
829005,4095.0,4095.0,3712.0,1196.0,3615.0,2199.0,3773.0,4095.0
829105,4095.0,4095.0,3520.0,1133.0,3639.0,2201.0,3767.0,4095.0
829205,4095.0,4095.0,3552.0,1187.0,3613.0,2211.0,3787.0,4095.0
829305,4095.0,4095.0,3536.0,1183.0,3623.0,2196.0,3767.0,4095.0
829405,4012.0,4095.0,3696.0,1135.0,3616.0,2191.0,3800.0,4095.0
829505,4095.0,4095.0,3504.0,1175.0,3629.0,2211.0,3768.0,4095.0
829605,4095.0,4095.0,3712.0,1104.0,3614.0,2195.0,3781.0,4095.0
829705,4095.0,4095.0,3536.0,1176.0,3628.0,2200.0,3907.0,4095.0
829805,4080.0,4095.0,3536.0,1200.0,3621.0,2189.0,3768.0,4095.0
829905,4095.0,4095.0,3564.0,1104.0,3608.0,2200.0,3784.0,4095.0
830005,4095.0,4095.0,3564.0,1104.0,3616.0,2203.0,3779.0,4095.0
830105,4032.0,4095.0,3712.0,1153.0,3621.0,2189.0,3779.0,4095.0
830205,4035.0,4095.0,3708.0,1196.0,3611.0,2194.0,3800.0,4095.0
830305,3996.0,4095.0,3744.0,1127.0,3608.0,2192.0,3772.0,4095.0
830405,4064.0,4095.0,3704.0,1104.0,3637.0,2194.0,3776.0,4095.0
830505,4095.0,4095.0,3744.0,1168.0,3603.0,2187.0,3784.0,4095.0
830605,4064.0,4095.0,3549.0,1184.0,3617.0,2193.0,3789.0,4095.0
830705,4076.0,4095.0,3580.0,1099.0,3635.0,2196.0,3769.0,4095.0
830805,4095.0,4095.0,3627.0,1095.0,3616.0,2203.0,3803.0,4095.0
830905,4060.0,4095.0,3760.0,1104.0,3616.0,2199.0,3795.0,4095.0
831005,4072.0,4095.0,3552.0,1120.0,3645.0,2192.0,3767.0,4095.0
831105,4095.0,4095.0,3552.0,1092.0,3608.0,2201.0,3772.0,4095.0
831205,4095.0,4095.0,3512.0,1088.0,3641.0,2196.0,3764.0,4095.0
831305,4031.0,4095.0,3568.0,1184.0,3611.0,2205.0,3772.0,4095.0
831405,4086.0,4095.0,3552.0,1152.0,3616.0,2190.0,3787.0,4095.0
831505,4064.0,4095.0,3629.0,1088.0,3626.0,2200.0,3780.0,4095.0
831605,4064.0,4095.0,3728.0,1120.0,3618.0,2191.0,3795.0,4095.0
831755,4095.0,4095.0,3768.0,1168.0,3623.0,2203.0,3768.0,4095.0
831855,4095.0,4095.0,3552.0,1112.0,3616.0,2195.0,3789.0,4095.0
831955,4080.0,4095.0,3513.0,1184.0,3639.0,2198.0,3765.0,4095.0
832155,4095.0,4095.0,3656.0,1120.0,3608.0,2203.0,3772.0,4095.0
832255,4064.0,4095.0,3564.0,1104.0,3632.0,2200.0,3769.0,4095.0
832355,4095.0,4095.0,3742.0,1148.0,3615.0,2201.0,3773.0,4095.0
832455,4076.0,4095.0,3819.0,1088.0,3616.0,2202.0,3789.0,4095.0
832655,4095.0,4095.0,3708.0,1136.0,3633.0,2205.0,3781.0,4095.0
832755,4060.0,4095.0,3668.0,1104.0,3623.0,2197.0,3796.0,4095.0
833005,4095.0,4095.0,3671.0,1104.0,3638.0,2201.0,3776.0,4095.0
833105,4030.0,4095.0,3761.0,1119.0,3632.0,2187.0,3790.0,4095.0
833205,4095.0,4095.0,3566.0,1120.0,3611.0,2199.0,3768.0,4095.0
833305,4064.0,4095.0,3648.0,1175.0,3616.0,2192.0,3801.0,4095.0
833405,4095.0,4080.0,3520.0,1168.0,3639.0,2198.0,3757.0,4095.0
833505,4095.0,4095.0,3743.0,1095.0,3620.0,2192.0,3801.0,4095.0
833605,4016.0,4095.0,3752.0,1151.0,3613.0,2203.0,3771.0,4095.0
833705,4072.0,4095.0,3767.0,1095.0,3637.0,2212.0,3760.0,4095.0
833805,4023.0,4095.0,3648.0,1207.0,3629.0,2192.0,3769.0,4095.0
833905,4064.0,4095.0,3564.0,1164.0,3637.0,2195.0,3763.0,4095.0
834005,4056.0,4095.0,3728.0,1104.0,3640.0,2201.0,3759.0,4095.0
834105,4095.0,4095.0,3598.0,1168.0,3609.0,2203.0,3760.0,4095.0
834205,4083.0,4095.0,3614.0,1175.0,3613.0,2205.0,3769.0,4095.0
834305,4076.0,4095.0,3606.0,1100.0,3609.0,2201.0,3764.0,4095.0
834405,4032.0,4095.0,3767.0,1095.0,3609.0,2195.0,3767.0,4095.0
834505,4053.0,4095.0,3704.0,1199.0,3661.0,2205.0,3760.0,4095.0
834605,4095.0,4095.0,3712.0,1111.0,3607.0,2196.0,3757.0,4095.0
834705,4095.0,4095.0,3719.0,1080.0,3651.0,2192.0,3759.0,4095.0
834805,4057.0,4095.0,3552.0,1168.0,3603.0,2201.0,3760.0,4095.0
834905,4025.0,4095.0,3690.0,1184.0,3623.0,2199.0,3765.0,4095.0
835005,4064.0,4095.0,3672.0,1112.0,3620.0,2194.0,3787.0,4095.0
835105,4083.0,4095.0,3644.0,1177.0,3621.0,2190.0,3783.0,4095.0
835205,4064.0,4095.0,3615.0,1104.0,3611.0,2191.0,3757.0,4095.0
835305,4095.0,4095.0,3760.0,1112.0,3616.0,2215.0,3751.0,4095.0
835405,4009.0,4095.0,3706.0,1123.0,3607.0,2210.0,3776.0,4095.0
835555,4011.0,4095.0,3728.0,1104.0,3661.0,2194.0,3759.0,4095.0
835655,4095.0,4095.0,3604.0,1088.0,3615.0,2201.0,3768.0,4095.0
835755,4053.0,4095.0,3560.0,1184.0,3650.0,2191.0,3762.0,4095.0
835855,4064.0,4095.0,3552.0,1088.0,3616.0,2201.0,3783.0,4095.0
835955,4095.0,4095.0,3615.0,1176.0,3629.0,2197.0,3753.0,4095.0
836055,4060.0,4095.0,3552.0,1176.0,3613.0,2189.0,3767.0,4095.0
836155,4062.0,4095.0,3696.0,1120.0,3614.0,2196.0,3783.0,4095.0
836255,4089.0,4095.0,3552.0,1150.0,3635.0,2192.0,3755.0,4095.0
836355,4023.0,4095.0,3694.0,1143.0,3611.0,2196.0,3783.0,4095.0
836455,4095.0,4095.0,3552.0,1151.0,3627.0,2191.0,3751.0,4095.0
836555,4033.0,4095.0,3738.0,1120.0,3616.0,2209.0,3785.0,4095.0
836655,4095.0,4095.0,3776.0,1100.0,3625.0,2192.0,3760.0,4095.0
836755,4095.0,4095.0,3559.0,1182.0,3612.0,2201.0,3769.0,4095.0
836855,4091.0,4095.0,3552.0,1132.0,3619.0,2192.0,3749.0,4095.0
836955,4051.0,4095.0,3728.0,1104.0,3607.0,2203.0,3763.0,4095.0
837055,4095.0,4095.0,3552.0,1168.0,3614.0,2209.0,3795.0,4095.0
837155,4039.0,4095.0,3560.0,1096.0,3612.0,2203.0,3771.0,4095.0
837255,4079.0,4095.0,3552.0,1164.0,3607.0,2185.0,3759.0,4095.0
837355,4095.0,4095.0,3712.0,1198.0,3611.0,2202.0,3747.0,4095.0
837455,4070.0,4095.0,3544.0,1150.0,3604.0,2192.0,3759.0,4095.0
837555,4095.0,4095.0,3676.0,1164.0,3612.0,2186.0,3771.0,4095.0
837655,4095.0,4095.0,3464.0,1168.0,3644.0,2201.0,3756.0,4095.0
837755,4038.0,4095.0,3527.0,1119.0,3612.0,2190.0,3788.0,4095.0
837855,4028.0,4095.0,3755.0,1103.0,3619.0,2187.0,3767.0,4095.0
837955,4095.0,4080.0,3551.0,1136.0,3616.0,2187.0,3739.0,4095.0
838055,4068.0,4095.0,3545.0,1088.0,3619.0,2201.0,3744.0,4095.0
838155,4064.0,4095.0,3535.0,1104.0,3639.0,2203.0,3752.0,4095.0
838255,4095.0,4095.0,3615.0,1104.0,3605.0,2212.0,3760.0,4095.0
838355,4064.0,4095.0,3520.0,1132.0,3659.0,2192.0,3758.0,4095.0
838455,4078.0,4095.0,3520.0,1088.0,3612.0,2209.0,3776.0,4095.0
838555,4076.0,4095.0,3712.0,1104.0,3619.0,2209.0,3782.0,4095.0
838655,4062.0,4095.0,3552.0,1160.0,3613.0,2193.0,3787.0,4095.0
838755,4078.0,4095.0,3676.0,1187.0,3629.0,2187.0,3827.0,4095.0
838855,4095.0,4095.0,3627.0,1112.0,3615.0,2191.0,3801.0,4095.0
838955,4095.0,4095.0,3536.0,1116.0,3611.0,2193.0,3829.0,4095.0
839055,4064.0,4095.0,3604.0,1080.0,3667.0,2190.0,3805.0,4095.0
839155,4080.0,4095.0,3542.0,1472.0,3639.0,2191.0,3804.0,4095.0
839255,4076.0,4095.0,3640.0,1711.0,3611.0,2187.0,3799.0,4095.0
839355,4013.0,4095.0,3727.0,1696.0,3614.0,2209.0,3791.0,4095.0
839455,4013.0,4095.0,3712.0,1760.0,3608.0,2203.0,3769.0,4095.0
839555,4056.0,4095.0,3680.0,1824.0,3643.0,2199.0,3768.0,4095.0
839655,4032.0,4095.0,3552.0,1952.0,3641.0,2200.0,3744.0,4095.0
839755,4042.0,4095.0,3584.0,1871.0,3627.0,2211.0,3735.0,4095.0
839855,4068.0,4087.0,3744.0,1824.0,3665.0,2204.0,3746.0,4095.0
839955,4003.0,4095.0,3680.0,1872.0,3664.0,2203.0,3757.0,4095.0
840055,3998.0,4095.0,3480.0,1855.0,3679.0,2188.0,3729.0,4095.0
840155,4095.0,4095.0,3712.0,1848.0,3665.0,2160.0,3768.0,4095.0
840255,4048.0,4095.0,3536.0,1840.0,3665.0,2181.0,3753.0,4095.0
840355,4083.0,4095.0,3744.0,1837.0,3648.0,2195.0,3751.0,4095.0
840455,4095.0,4095.0,3500.0,1951.0,3639.0,2190.0,3743.0,4095.0
840555,4039.0,4095.0,3740.0,1856.0,3643.0,2204.0,3742.0,4095.0
840655,4056.0,4095.0,3664.0,1808.0,3648.0,2200.0,3761.0,4095.0
840755,4032.0,4095.0,3548.0,1785.0,3646.0,2192.0,3740.0,4095.0
840855,4095.0,4095.0,3759.0,1904.0,3641.0,2189.0,3751.0,4095.0
840955,4032.0,4085.0,3789.0,1786.0,3685.0,2192.0,3744.0,4095.0
841055,4056.0,4095.0,3735.0,1758.0,3672.0,2191.0,3736.0,4095.0
841155,4095.0,4095.0,3680.0,1760.0,3659.0,2187.0,3773.0,4095.0
841255,4028.0,4095.0,3584.0,1752.0,3656.0,2203.0,3759.0,4095.0
841355,4032.0,4093.0,3516.0,1792.0,3673.0,2196.0,3731.0,4095.0
841455,4095.0,4091.0,3512.0,1852.0,3640.0,2192.0,3740.0,4095.0
841555,4011.0,4095.0,3532.0,1776.0,3651.0,2183.0,3749.0,4095.0
841655,4032.0,4095.0,3640.0,1832.0,3637.0,2196.0,3731.0,4095.0
841755,4076.0,4095.0,3568.0,1748.0,3642.0,2203.0,3738.0,4095.0
841855,4095.0,4064.0,3480.0,1875.0,3677.0,2188.0,3736.0,4095.0
841955,4095.0,4028.0,3559.0,1740.0,3655.0,2185.0,3739.0,4095.0
842055,4037.0,4095.0,3505.0,1771.0,3661.0,2188.0,3735.0,4095.0
842155,4051.0,4095.0,3560.0,1863.0,3685.0,2189.0,3736.0,4095.0
842255,4000.0,4095.0,3699.0,1795.0,3648.0,2185.0,3747.0,4095.0
842355,4095.0,4095.0,3504.0,1840.0,3657.0,2195.0,3768.0,4095.0
842455,4095.0,4095.0,3680.0,1880.0,3660.0,2184.0,3741.0,4095.0
842555,4069.0,4091.0,3504.0,1856.0,3685.0,2203.0,3742.0,4095.0
842655,4032.0,4095.0,3504.0,1760.0,3654.0,2201.0,3780.0,4095.0
842755,4032.0,4095.0,3504.0,1776.0,3648.0,2185.0,3763.0,4095.0
842855,4032.0,4095.0,3504.0,1824.0,3640.0,2195.0,3752.0,4095.0
842955,4046.0,4095.0,3568.0,1884.0,3651.0,2197.0,3748.0,4095.0
843105,4079.0,4095.0,3644.0,1912.0,3639.0,2190.0,3772.0,4095.0
843205,4032.0,4095.0,3504.0,1792.0,3643.0,2192.0,3744.0,4095.0
843305,4040.0,4095.0,3448.0,1784.0,3665.0,2185.0,3749.0,4095.0
843455,4064.0,4095.0,3504.0,1708.0,3654.0,2196.0,3759.0,4095.0
843555,4051.0,4095.0,3720.0,1724.0,3654.0,2189.0,3875.0,4095.0
843655,4015.0,4095.0,3662.0,1824.0,3656.0,2188.0,3753.0,4095.0
843755,4040.0,4095.0,3736.0,1789.0,3695.0,2188.0,3736.0,4095.0
843855,4032.0,4095.0,3504.0,1744.0,3655.0,2188.0,3736.0,4095.0
843955,4032.0,4095.0,3504.0,1760.0,3665.0,2188.0,3731.0,4095.0
844055,4032.0,4095.0,3512.0,1744.0,3669.0,2189.0,3732.0,4095.0
844155,4032.0,4095.0,3504.0,1744.0,3644.0,2199.0,3764.0,4095.0
844255,4030.0,4095.0,3536.0,1744.0,3648.0,2197.0,3761.0,4095.0
844355,4032.0,4095.0,3607.0,1804.0,3659.0,2187.0,3739.0,4095.0
844455,4044.0,4095.0,3504.0,1852.0,3637.0,2189.0,3768.0,4095.0
844555,4011.0,4095.0,3648.0,1852.0,3635.0,2193.0,3758.0,4095.0
844655,4095.0,4095.0,3688.0,1896.0,3655.0,2187.0,3751.0,4095.0
844755,4044.0,4095.0,3504.0,1776.0,3641.0,2200.0,3753.0,4095.0
844855,4056.0,4095.0,3616.0,1784.0,3667.0,2184.0,3750.0,4095.0
844955,4032.0,4095.0,3488.0,1792.0,3648.0,2195.0,3757.0,4095.0
845055,3990.0,4095.0,3596.0,1807.0,3664.0,2199.0,3735.0,4095.0
845155,4032.0,4095.0,3488.0,1773.0,3667.0,2181.0,3771.0,4095.0
845255,4068.0,4095.0,3680.0,1748.0,3666.0,2184.0,3794.0,4095.0
845355,4095.0,4095.0,3507.0,1744.0,3659.0,2187.0,3753.0,4095.0
845455,4095.0,4095.0,3488.0,1820.0,3660.0,2182.0,3783.0,4095.0
845555,4095.0,4095.0,3615.0,1712.0,3643.0,2183.0,3759.0,4095.0
845655,3968.0,4095.0,3672.0,1743.0,3607.0,2176.0,3755.0,4095.0
845755,4095.0,4095.0,3507.0,1756.0,3551.0,1947.0,3696.0,4095.0
845855,4095.0,4095.0,3687.0,2040.0,3551.0,1916.0,3725.0,4095.0
845955,4048.0,4095.0,3504.0,2048.0,3556.0,1905.0,3696.0,4095.0
846055,4027.0,4095.0,3488.0,1968.0,3551.0,1901.0,3696.0,4095.0
846155,4095.0,4092.0,3462.0,2183.0,3536.0,1909.0,3686.0,4095.0
846255,4095.0,4095.0,3495.0,2142.0,3540.0,1937.0,3689.0,4095.0
846355,4024.0,4095.0,3655.0,2047.0,3569.0,1905.0,3693.0,4095.0
846455,3989.0,4095.0,3630.0,2097.0,3538.0,1888.0,3678.0,4095.0
846555,4032.0,4095.0,3544.0,2142.0,3541.0,1907.0,3697.0,4095.0
846655,4032.0,4095.0,3484.0,2092.0,3539.0,1900.0,3681.0,4095.0
846755,4032.0,4095.0,3467.0,2075.0,3527.0,1931.0,3678.0,4095.0
846855,4095.0,4091.0,3488.0,2392.0,3505.0,1912.0,3763.0,4095.0
846955,4044.0,4095.0,3499.0,2319.0,3503.0,1892.0,3767.0,4095.0
847055,4061.0,4095.0,3511.0,2337.0,3529.0,1887.0,3739.0,4095.0
847155,4048.0,4093.0,3488.0,2240.0,3497.0,1888.0,3753.0,4095.0
847255,4032.0,4095.0,3488.0,2328.0,3577.0,2008.0,3768.0,4095.0
847355,4048.0,4095.0,3488.0,2240.0,3509.0,1892.0,3721.0,4095.0
847455,4075.0,4095.0,3580.0,2328.0,3493.0,1879.0,3767.0,4095.0
847555,4095.0,4095.0,3484.0,2266.0,3509.0,1875.0,3724.0,4095.0
847655,4046.0,4095.0,3480.0,2296.0,3499.0,1876.0,3729.0,4095.0
847755,4059.0,4095.0,3550.0,2283.0,3502.0,1882.0,3703.0,4095.0
847855,4095.0,4095.0,3416.0,2415.0,3496.0,1870.0,3720.0,4095.0
847955,4032.0,4095.0,3520.0,2320.0,3509.0,1880.0,3703.0,4095.0
848055,4095.0,4095.0,3480.0,2271.0,3513.0,1896.0,3701.0,4095.0
848155,4095.0,4088.0,3456.0,2407.0,3495.0,1889.0,3692.0,4095.0
848255,4095.0,4087.0,3668.0,2285.0,3504.0,1879.0,3679.0,4095.0
848355,4032.0,4095.0,3502.0,2316.0,3500.0,1892.0,3685.0,4095.0
848455,4044.0,4095.0,3488.0,2232.0,3507.0,1884.0,3699.0,4095.0
848555,4032.0,4095.0,3687.0,2207.0,3493.0,1872.0,3699.0,4095.0
848655,4032.0,4095.0,3480.0,2284.0,3525.0,1880.0,3678.0,4095.0
848755,4095.0,4095.0,3616.0,2304.0,3515.0,1868.0,3671.0,4095.0
848855,4060.0,4095.0,3488.0,2348.0,3499.0,1869.0,3669.0,4095.0
848955,4080.0,4095.0,3683.0,2287.0,3504.0,1857.0,3669.0,4095.0
849055,4031.0,4095.0,3657.0,2280.0,3489.0,1857.0,3692.0,4095.0
849155,4055.0,4091.0,3614.0,2307.0,3501.0,1871.0,3664.0,4095.0
849255,4032.0,4095.0,3472.0,2368.0,3493.0,1852.0,3688.0,4095.0
849355,4040.0,4095.0,3656.0,2304.0,3512.0,1856.0,3675.0,4095.0
849455,4095.0,4052.0,3464.0,2407.0,3531.0,1868.0,3663.0,4095.0
849555,4095.0,4095.0,3660.0,2300.0,3505.0,1859.0,3697.0,4095.0
849655,4032.0,4095.0,3688.0,2304.0,3563.0,1854.0,3702.0,4095.0
849755,4048.0,4095.0,3486.0,2292.0,3557.0,1851.0,3685.0,4095.0
849855,4032.0,4095.0,3668.0,2320.0,3544.0,1868.0,3659.0,4095.0
849955,4095.0,4095.0,3568.0,2331.0,3544.0,1890.0,3675.0,4095.0
850055,4024.0,4095.0,3484.0,2349.0,3544.0,1868.0,3652.0,4095.0
850155,4032.0,4095.0,3544.0,2366.0,3548.0,1871.0,3643.0,4095.0
850255,4032.0,4095.0,3640.0,2328.0,3531.0,1863.0,3652.0,4095.0
850355,4091.0,4095.0,3616.0,2424.0,3528.0,1872.0,3675.0,4095.0
850455,4095.0,4095.0,3639.0,2432.0,3531.0,1873.0,3672.0,4095.0
850555,4095.0,4048.0,3408.0,2563.0,3513.0,1867.0,3707.0,4095.0
850655,4014.0,4095.0,3568.0,2531.0,3519.0,1869.0,3672.0,4095.0
850755,4095.0,4095.0,3667.0,2428.0,3523.0,1856.0,3696.0,4095.0
850855,3979.0,4095.0,3616.0,2430.0,3511.0,1855.0,3707.0,4095.0
850955,4000.0,4088.0,3456.0,2368.0,3502.0,1859.0,3701.0,4095.0
851055,4008.0,4076.0,3664.0,2336.0,3504.0,1863.0,3689.0,4095.0
851155,3992.0,4061.0,3472.0,2396.0,3496.0,1856.0,3704.0,4095.0
851255,4016.0,4095.0,3655.0,2296.0,3531.0,1867.0,3676.0,4095.0
851355,4095.0,4063.0,3456.0,2320.0,3497.0,1854.0,3700.0,4095.0
851455,4088.0,4064.0,3568.0,2340.0,3504.0,1860.0,3661.0,4095.0
851555,4000.0,4076.0,3616.0,2332.0,3501.0,1865.0,3683.0,4095.0
851655,3992.0,4080.0,3440.0,2336.0,3525.0,1863.0,3693.0,4095.0
851755,3992.0,4047.0,3496.0,2432.0,3500.0,1863.0,3665.0,4095.0
851855,3992.0,4053.0,3456.0,2308.0,3495.0,1864.0,3689.0,4095.0
851955,4095.0,4032.0,3479.0,2432.0,3499.0,1851.0,3696.0,4095.0
852055,4016.0,4071.0,3456.0,2328.0,3491.0,1856.0,3689.0,4095.0
852155,3999.0,4090.0,3468.0,2409.0,3509.0,1863.0,3672.0,4095.0
852255,3996.0,4047.0,3608.0,2336.0,3516.0,1864.0,3672.0,4095.0
852355,4095.0,4067.0,3440.0,2336.0,3515.0,1863.0,3664.0,4095.0
852455,3984.0,4059.0,3440.0,2320.0,3502.0,1885.0,3652.0,4095.0
852555,3984.0,4064.0,3452.0,2352.0,3496.0,1884.0,3655.0,4095.0
852655,3996.0,4063.0,3456.0,2272.0,3509.0,1867.0,3676.0,4095.0
852755,3999.0,4095.0,3472.0,2369.0,3528.0,1874.0,3667.0,4095.0
852855,4095.0,4095.0,3651.0,2236.0,3495.0,1895.0,3717.0,4095.0
852955,4000.0,4063.0,3472.0,2288.0,3523.0,1868.0,3767.0,4095.0
853055,4095.0,4088.0,3448.0,2736.0,3499.0,1883.0,3759.0,4095.0
853155,4095.0,4079.0,3456.0,2720.0,3504.0,1900.0,3723.0,4095.0
853255,4095.0,4093.0,3448.0,2599.0,3499.0,1900.0,3757.0,4095.0
853355,4094.0,4095.0,3454.0,2688.0,3543.0,1896.0,3703.0,4095.0
853455,4016.0,4095.0,3644.0,2656.0,3509.0,1895.0,3699.0,4095.0
853555,4000.0,4075.0,3488.0,2640.0,3507.0,1893.0,3691.0,4095.0
853655,4016.0,4057.0,3452.0,2592.0,3501.0,1899.0,3724.0,4095.0
853755,4051.0,4069.0,3448.0,2592.0,3517.0,1899.0,3692.0,4095.0
853855,3955.0,4095.0,3568.0,2608.0,3499.0,1888.0,3735.0,4095.0
853955,4016.0,4080.0,3452.0,2576.0,3539.0,1890.0,3693.0,4095.0
854055,4016.0,4095.0,3464.0,2636.0,3507.0,1883.0,3679.0,4095.0
854155,4012.0,4080.0,3632.0,2576.0,3511.0,1872.0,3630.0,4095.0
854405,4029.0,4095.0,3456.0,2688.0,3533.0,1864.0,3717.0,4095.0
854605,4095.0,4080.0,3656.0,2712.0,3499.0,1864.0,3721.0,4095.0
854705,4000.0,4065.0,3436.0,2656.0,3513.0,1864.0,3699.0,4095.0
854855,3968.0,4095.0,3639.0,2783.0,3504.0,1869.0,3689.0,4095.0
854955,3968.0,4095.0,3643.0,2719.0,3517.0,1863.0,3712.0,4095.0
855055,4044.0,4095.0,3470.0,2656.0,3496.0,1861.0,3699.0,4095.0
855155,4095.0,4077.0,3452.0,2672.0,3496.0,1865.0,3703.0,4095.0
855255,4095.0,4088.0,3483.0,2648.0,3495.0,1888.0,3730.0,4095.0
855355,4026.0,4092.0,3632.0,2688.0,3504.0,1881.0,3705.0,4095.0
855455,4016.0,4080.0,3448.0,2640.0,3545.0,1893.0,3707.0,4095.0
855555,3960.0,4095.0,3631.0,2663.0,3501.0,1847.0,3668.0,4095.0
855655,4095.0,4095.0,3632.0,2624.0,3517.0,1865.0,3696.0,4095.0
855755,4000.0,4079.0,3440.0,2583.0,3525.0,1866.0,3702.0,4095.0
855855,4095.0,4095.0,3543.0,2604.0,3500.0,1868.0,3704.0,4095.0
855955,4016.0,4088.0,3488.0,2611.0,3529.0,1897.0,3703.0,4095.0
856055,3987.0,4059.0,3440.0,2616.0,3555.0,1901.0,3704.0,4095.0
856155,4000.0,4079.0,3687.0,2640.0,3533.0,1875.0,3731.0,4095.0
856255,4020.0,4065.0,3440.0,2627.0,3519.0,1877.0,3731.0,4095.0
856355,3993.0,4080.0,3536.0,2640.0,3519.0,1882.0,3697.0,4095.0
856455,4000.0,4071.0,3440.0,2704.0,3514.0,1871.0,3697.0,4095.0
856555,4022.0,4059.0,3616.0,2680.0,3519.0,1871.0,3726.0,4095.0
856655,4000.0,4073.0,3440.0,2660.0,3509.0,1870.0,3731.0,4095.0
856755,4047.0,4095.0,3420.0,2953.0,3504.0,1856.0,3797.0,4095.0
856855,4000.0,4086.0,3440.0,3032.0,3525.0,1859.0,3806.0,4095.0
856955,4000.0,4080.0,3669.0,3048.0,3524.0,1873.0,3776.0,4095.0
857055,4095.0,4092.0,3616.0,2864.0,3495.0,1858.0,3752.0,4095.0
857155,4000.0,4080.0,3424.0,2904.0,3504.0,1856.0,3785.0,4095.0
857255,4000.0,4073.0,3464.0,2931.0,3525.0,1875.0,3764.0,4095.0
857355,3996.0,4057.0,3472.0,2912.0,3527.0,1863.0,3756.0,4095.0
857455,4095.0,4047.0,3632.0,2992.0,3510.0,1849.0,3739.0,4095.0
857555,3992.0,4057.0,3584.0,3035.0,3513.0,1848.0,3767.0,4095.0
857655,4055.0,4080.0,3608.0,3040.0,3504.0,1840.0,3784.0,4095.0
857755,4008.0,4095.0,3440.0,3024.0,3509.0,1835.0,3754.0,4095.0
857855,4062.0,4095.0,3635.0,2976.0,3495.0,1846.0,3747.0,4095.0
857955,4000.0,4049.0,3440.0,3068.0,3501.0,1841.0,3741.0,4095.0
858055,4095.0,4055.0,3440.0,3088.0,3529.0,1848.0,3732.0,4095.0
858155,3996.0,4073.0,3440.0,3133.0,3488.0,1851.0,3745.0,4095.0
858255,4030.0,4095.0,3635.0,2968.0,3518.0,1847.0,3705.0,4095.0
858355,3984.0,4095.0,3655.0,3008.0,3483.0,1843.0,3720.0,4095.0
858505,4004.0,4079.0,3600.0,3036.0,3503.0,1847.0,3704.0,4095.0
858655,4087.0,4055.0,3640.0,3024.0,3491.0,1868.0,3687.0,4095.0
858755,3992.0,4080.0,3440.0,3117.0,3517.0,1871.0,3680.0,4095.0
858855,3952.0,4095.0,3627.0,3051.0,3539.0,1861.0,3689.0,4095.0
858955,4049.0,4048.0,3540.0,2976.0,3500.0,1875.0,3665.0,4095.0
859155,4095.0,4008.0,3471.0,2976.0,3508.0,1880.0,3676.0,4095.0
859355,3944.0,4016.0,3407.0,2928.0,3491.0,1870.0,3693.0,4095.0
859455,3956.0,4016.0,3408.0,3086.0,3516.0,1865.0,3672.0,4095.0
859555,4032.0,4020.0,3568.0,3148.0,3507.0,1861.0,3660.0,4095.0
859655,4088.0,3999.0,3392.0,2974.0,3487.0,1863.0,3688.0,4095.0
859755,3961.0,4024.0,3584.0,2976.0,3488.0,1856.0,3675.0,4095.0
859855,3998.0,3987.0,3408.0,2956.0,3511.0,1856.0,3666.0,4095.0
859955,3926.0,4016.0,3400.0,2894.0,3484.0,1859.0,3673.0,4095.0
860055,3936.0,4024.0,3440.0,2816.0,3499.0,1861.0,3673.0,4095.0
860255,4095.0,3991.0,3392.0,2896.0,3443.0,1868.0,3670.0,4095.0
860455,4095.0,4000.0,3624.0,2832.0,3500.0,1867.0,3643.0,4095.0
860555,3952.0,4000.0,3407.0,2832.0,3496.0,1865.0,3641.0,4095.0
860755,3936.0,4095.0,3599.0,2798.0,3496.0,1860.0,3667.0,4095.0
860855,4080.0,4028.0,3584.0,2926.0,3487.0,1861.0,3631.0,4095.0
861155,3904.0,4095.0,3591.0,2807.0,3512.0,1861.0,3661.0,4095.0
861255,4032.0,4027.0,3500.0,2840.0,3518.0,1867.0,3648.0,4095.0
861605,3936.0,3997.0,3400.0,2904.0,3496.0,1866.0,3639.0,4095.0
861805,3966.0,4000.0,3378.0,2786.0,3483.0,1865.0,3684.0,4095.0
861905,3900.0,3992.0,3392.0,2992.0,3495.0,1859.0,3630.0,4095.0
862005,3881.0,4025.0,3504.0,2816.0,3487.0,1863.0,3667.0,4095.0
862155,3936.0,4000.0,3637.0,2912.0,3489.0,1869.0,3627.0,4095.0
862305,3999.0,4040.0,3374.0,2975.0,3517.0,1873.0,3654.0,4095.0
862405,3936.0,3995.0,3424.0,2807.0,3496.0,1868.0,3643.0,4095.0
862505,3856.0,4095.0,3552.0,2857.0,3491.0,1863.0,3656.0,4095.0
862605,4087.0,3928.0,3339.0,2955.0,3488.0,1865.0,3665.0,4095.0
862705,4088.0,3991.0,3461.0,2812.0,3479.0,1882.0,3660.0,4095.0
862805,3934.0,3991.0,3392.0,2912.0,3512.0,1878.0,3648.0,4095.0
862905,3975.0,3965.0,3532.0,2839.0,3502.0,1880.0,3644.0,4095.0
863005,4095.0,4095.0,3352.0,2895.0,3525.0,1869.0,3640.0,4095.0
863155,3900.0,4015.0,3536.0,2944.0,3485.0,1864.0,3674.0,4095.0
863305,3920.0,4023.0,3376.0,2769.0,3493.0,1863.0,3653.0,4095.0
863405,3832.0,4095.0,3587.0,2935.0,3537.0,1861.0,3640.0,4095.0
863505,4095.0,3922.0,3360.0,2896.0,3520.0,1859.0,3637.0,4095.0
863605,3840.0,4095.0,3528.0,2871.0,3488.0,1866.0,3623.0,4095.0
863705,4064.0,3965.0,3376.0,2812.0,3535.0,1867.0,3645.0,4095.0
863805,3959.0,3999.0,3552.0,2902.0,3488.0,1864.0,3653.0,4095.0
863905,4095.0,3968.0,3568.0,2812.0,3500.0,1864.0,3645.0,4095.0
864005,4095.0,3979.0,3447.0,2830.0,3500.0,1876.0,3629.0,4095.0
864105,3996.0,3968.0,3576.0,2810.0,3488.0,1865.0,3668.0,4095.0
864205,3918.0,3963.0,3377.0,2781.0,3512.0,1867.0,3636.0,4095.0
864305,4048.0,3968.0,3360.0,2880.0,3492.0,1864.0,3645.0,4095.0
864405,4032.0,4083.0,3527.0,2752.0,3499.0,1879.0,3627.0,4095.0
864505,3904.0,3999.0,3360.0,2777.0,3488.0,1868.0,3669.0,4095.0
864605,3872.0,3986.0,3552.0,2808.0,3496.0,1879.0,3624.0,4095.0
864705,3896.0,3953.0,3360.0,2812.0,3525.0,1855.0,3636.0,4095.0
864805,3885.0,3980.0,3500.0,2848.0,3496.0,1864.0,3625.0,4095.0
864905,3896.0,3957.0,3360.0,2808.0,3494.0,1879.0,3613.0,4095.0
865005,4064.0,3961.0,3504.0,2896.0,3516.0,1859.0,3624.0,4095.0
865105,3904.0,3968.0,3360.0,2800.0,3488.0,1856.0,3624.0,4095.0
865205,4071.0,4071.0,3503.0,2792.0,3498.0,1856.0,3619.0,4095.0
865305,3896.0,3955.0,3392.0,2777.0,3496.0,1865.0,3619.0,4095.0
865455,3914.0,3984.0,3360.0,2821.0,3505.0,1867.0,3616.0,4095.0
865555,3904.0,3966.0,3360.0,2767.0,3488.0,1863.0,3646.0,4095.0
865655,3904.0,3980.0,3544.0,2912.0,3488.0,1865.0,3651.0,4095.0
865755,3904.0,3984.0,3581.0,2800.0,3502.0,1865.0,3615.0,4095.0
865855,3923.0,3995.0,3504.0,2800.0,3533.0,1861.0,3625.0,4095.0
865955,4000.0,3959.0,3482.0,2876.0,3507.0,1852.0,3635.0,4095.0
866055,3943.0,3952.0,3356.0,2959.0,3513.0,1848.0,3753.0,4095.0
866155,4019.0,3947.0,3360.0,2880.0,3515.0,1867.0,3624.0,4095.0
866255,3904.0,3955.0,3360.0,2771.0,3501.0,1856.0,3653.0,4095.0
866355,3870.0,4095.0,3547.0,2801.0,3535.0,1854.0,3632.0,4095.0
866455,3951.0,3945.0,3344.0,2824.0,3488.0,1859.0,3641.0,4095.0
866555,3861.0,3980.0,3504.0,2800.0,3493.0,1861.0,3640.0,4095.0
866655,4088.0,4023.0,3360.0,2800.0,3495.0,1855.0,3642.0,4095.0
866755,3937.0,3987.0,3360.0,2811.0,3525.0,1852.0,3622.0,4095.0
866855,3868.0,4095.0,3551.0,2803.0,3504.0,1868.0,3641.0,4095.0
866955,3962.0,3991.0,3335.0,2864.0,3525.0,1863.0,3616.0,4095.0
867055,3929.0,3953.0,3520.0,2800.0,3491.0,1853.0,3621.0,4095.0
867155,3936.0,3984.0,3439.0,2846.0,3514.0,1820.0,3616.0,4095.0
867255,4095.0,3981.0,3360.0,2800.0,3489.0,1868.0,3608.0,4095.0
867355,3928.0,3985.0,3360.0,2812.0,3524.0,1851.0,3616.0,4095.0
867455,4095.0,3980.0,3360.0,2786.0,3507.0,1865.0,3616.0,4095.0
867555,4095.0,3960.0,3519.0,2935.0,3523.0,1867.0,3616.0,4095.0
867655,4051.0,4092.0,3374.0,2896.0,3531.0,1854.0,3617.0,4095.0
867755,4095.0,4047.0,3463.0,2784.0,3538.0,1861.0,3614.0,4095.0
867855,3930.0,3984.0,3376.0,2800.0,3492.0,1854.0,3635.0,4095.0
867955,3916.0,4035.0,3376.0,2792.0,3501.0,1856.0,3612.0,4095.0
868055,4048.0,3983.0,3472.0,2811.0,3515.0,1863.0,3620.0,4095.0
868155,3928.0,3996.0,3376.0,2796.0,3496.0,1877.0,3617.0,4095.0
868255,3912.0,3987.0,3532.0,2912.0,3496.0,1881.0,3617.0,4095.0
868355,3928.0,4014.0,3404.0,2755.0,3511.0,1880.0,3623.0,4095.0
868455,3856.0,4032.0,3352.0,2921.0,3493.0,1879.0,3645.0,4095.0
868555,4055.0,4000.0,3384.0,2796.0,3495.0,1865.0,3619.0,4095.0
868655,4095.0,3936.0,3356.0,2937.0,3504.0,1857.0,3619.0,4095.0
868755,3968.0,3999.0,3564.0,2800.0,3499.0,1863.0,3632.0,4095.0
868855,3920.0,3977.0,3376.0,2912.0,3473.0,1849.0,3657.0,4095.0
868955,4000.0,4095.0,3591.0,2772.0,3473.0,1835.0,3662.0,4095.0
869055,3936.0,4095.0,3587.0,2776.0,3488.0,1841.0,3633.0,4095.0
869155,4095.0,4016.0,3424.0,2784.0,3479.0,1848.0,3635.0,4095.0
869255,4054.0,4012.0,3396.0,2912.0,3471.0,1862.0,3657.0,4095.0
869355,3959.0,4016.0,3432.0,2924.0,3496.0,1843.0,3632.0,4095.0
869455,4048.0,4095.0,3583.0,2736.0,3489.0,1844.0,3629.0,4095.0
869555,3885.0,4095.0,3504.0,2875.0,3482.0,1861.0,3617.0,4095.0
869655,3949.0,3997.0,3384.0,2926.0,3483.0,1861.0,3628.0,4095.0
869755,3904.0,4000.0,3384.0,2940.0,3501.0,1863.0,3627.0,4095.0
869855,3936.0,3993.0,3406.0,2800.0,3471.0,1851.0,3641.0,4095.0
869955,3885.0,3999.0,3502.0,2796.0,3482.0,1854.0,3621.0,4095.0
870055,3968.0,4033.0,3448.0,2843.0,3501.0,1854.0,3624.0,4095.0
870155,4088.0,3995.0,3392.0,2784.0,3499.0,1848.0,3633.0,4095.0
870255,4095.0,4000.0,3576.0,2784.0,3509.0,1861.0,3623.0,4095.0
870355,3936.0,3980.0,3390.0,2936.0,3488.0,1854.0,3639.0,4095.0
870455,3950.0,3999.0,3379.0,2962.0,3488.0,1861.0,3639.0,4095.0
870555,4048.0,3991.0,3384.0,2796.0,3483.0,1853.0,3634.0,4095.0
870655,3946.0,4000.0,3392.0,2784.0,3515.0,1851.0,3624.0,4095.0
870755,3936.0,3991.0,3392.0,2796.0,3495.0,1856.0,3749.0,4095.0
870855,3920.0,4027.0,3392.0,2904.0,3505.0,1873.0,3616.0,4095.0
870955,4095.0,4000.0,3624.0,2784.0,3496.0,1852.0,3625.0,4095.0
871055,4000.0,4095.0,3599.0,2752.0,3493.0,1847.0,3624.0,4095.0
871155,3868.0,4095.0,3551.0,2815.0,3485.0,1847.0,3619.0,4095.0
871255,4060.0,4012.0,3595.0,2856.0,3488.0,1849.0,3625.0,4095.0
871355,4088.0,4011.0,3388.0,2904.0,3481.0,1843.0,3615.0,4095.0
871455,3948.0,3999.0,3384.0,2751.0,3500.0,1854.0,3609.0,4095.0
871555,3988.0,4000.0,3470.0,2785.0,3495.0,1851.0,3633.0,4095.0
